15:22:04: 0 0 -0.31 0.0 0.0 0.0 北
15:22:05: 1 155 -0.31 0.0 0.0 0.0 北
15:22:05: 2 357 -0.31 0.0 0.0 0.0 北
15:22:05: 3 558 -0.31 0.0 0.0 0.0 北
15:22:05: 4 759 -0.46 0.0 0.0 0.0 北
15:22:05: 5 960 -0.46 0.0 0.0 0.0 北
15:22:06: 6 1161 -0.23 0.0 0.0 0.0 北
15:22:06: 7 1313 -0.31 0.0 0.0 0.0 北
15:22:06: 8 1514 -0.31 0.0 0.0 0.0 北
15:22:06: 9 1715 -0.31 0.0 0.0 0.0 北
15:22:06: 10 1917 -0.31 0.0 0.0 0.0 北
15:22:07: 11 2118 -0.31 0.0 0.0 0.0 北
15:22:07: 12 2319 -0.31 0.0 0.0 0.0 北
15:22:07: 13 2521 -0.31 0.0 0.0 0.0 北
15:22:07: 14 2722 -0.31 0.0 0.0 0.0 北
15:22:07: 15 2924 -0.31 0.0 0.0 0.0 北
15:22:07: 16 3125 -0.31 0.0 0.0 0.0 北
15:22:08: 17 3277 -0.31 0.0 0.0 0.0 北
15:22:08: 18 3478 -0.31 0.0 0.0 0.0 北
15:22:08: 19 3679 -0.31 0.0 0.0 0.0 北
15:22:08: 20 3880 -0.31 0.0 0.0 0.0 北
15:22:08: 21 4082 -0.31 0.0 0.0 0.0 北
15:22:09: 22 4284 -0.31 0.0 0.0 0.0 北
15:22:09: 23 4485 -0.31 0.0 0.0 0.0 北
15:22:09: 24 4687 -0.31 0.0 0.0 0.0 北
15:22:09: 25 4887 -0.31 0.0 0.0 0.0 北
15:22:09: 26 5089 -0.31 0.0 0.0 0.0 北
15:22:10: 27 5291 -0.31 0.0 0.0 0.0 北
15:22:10: 28 5492 -0.31 0.0 0.0 0.0 北
15:22:10: 29 5693 -0.31 0.0 0.0 0.0 北
15:22:10: 30 5895 -0.31 0.0 0.0 0.0 北
15:22:10: 31 6096 -0.31 0.0 0.0 0.0 北
15:22:11: 32 6299 -0.31 0.0 0.0 0.0 北
15:22:11: 33 6499 -0.31 0.0 0.0 0.0 北
15:22:11: 34 6701 -0.31 0.0 0.0 0.0 北
15:22:11: 35 6902 -0.31 0.0 0.0 0.0 北
15:22:11: 36 7108 -0.31 0.0 0.0 0.0 北
15:22:12: 37 7305 -0.31 0.0 0.0 0.0 北
15:22:12: 38 7506 -0.31 0.0 0.0 0.0 北
15:22:12: 39 7708 -0.31 0.0 0.0 0.0 北
15:22:12: 40 7909 -0.31 0.0 0.0 0.0 北
15:22:13: 41 8110 -0.31 0.0 0.0 0.0 北
15:22:13: 42 8312 -0.31 0.0 0.0 0.0 北
15:22:13: 43 8513 -0.31 0.0 0.0 0.0 北
15:22:13: 44 8715 -0.31 0.0 0.0 0.0 北
15:22:13: 45 8916 -0.31 0.0 0.0 0.0 北
15:22:14: 46 9117 -0.31 0.0 0.0 0.0 北
15:22:14: 47 9319 -0.31 0.0 0.0 0.0 北
15:22:14: 48 9520 -0.31 0.0 0.0 0.0 北
15:22:14: 49 9722 -0.31 0.0 0.0 0.0 北
15:22:14: 50 9923 -0.31 0.0 0.0 0.0 北
15:22:15: 51 10124 -0.31 0.0 0.0 0.0 北
15:22:15: 52 10326 -0.31 0.0 0.0 0.0 北
15:22:15: 53 10527 -0.31 0.0 0.0 0.0 北
15:22:15: 54 10729 -0.31 0.0 0.0 0.0 北
15:22:15: 55 10930 -0.31 0.0 0.0 0.0 北
15:22:16: 56 11132 -0.31 0.0 0.0 0.0 北
15:22:16: 57 11333 -0.31 0.0 0.0 0.0 北
15:22:16: 58 11534 -0.31 0.0 0.0 0.0 北
15:22:16: 59 11736 -0.31 0.0 0.0 0.0 北
15:22:16: 60 11937 -0.31 0.0 0.0 0.0 北
15:22:17: 61 12139 -0.46 0.0 0.0 0.0 北
15:22:17: 62 12340 -0.31 0.0 0.0 0.0 北
15:22:17: 63 12541 -0.31 0.0 0.0 0.0 北
15:22:17: 64 12743 -0.31 0.0 0.0 0.0 北
15:22:17: 65 12944 -0.31 0.0 0.0 0.0 北
15:22:18: 66 13146 -0.31 0.0 0.0 0.0 北
15:22:18: 67 13448 -0.31 0.0 0.0 0.0 北
