11:31:40: 26 4939 -0.59 0.13 0.01 301.0 西北
11:31:40: 27 5499 -0.59 0.13 0.01 301.0 西北
11:31:40: 28 5555 -0.4 -0.24 0.02 293.0 西北
11:31:41: 29 5729 -0.42 -0.26 0.06 293.0 西北
11:31:41: 30 5929 -0.46 -0.43 0.02 294.0 西北
11:31:41: 31 6130 -0.48 -0.32 -0.04 296.0 西北
11:31:41: 32 6329 -0.59 -0.43 -0.02 296.0 西北
11:31:41: 33 6529 -0.46 -0.38 0.0 296.0 西北
11:31:42: 34 6729 -0.16 -0.43 -0.02 295.0 西北
11:31:42: 35 6929 -0.39 -0.4 -0.01 296.0 西北
11:31:42: 36 7130 -0.59 -0.46 -0.08 299.0 西北
11:31:42: 37 7329 -0.57 -0.43 -0.14 301.0 西北
11:31:42: 38 7529 -0.49 -0.49 -0.16 302.0 西北
11:31:43: 39 7730 -0.49 -0.6 -0.16 303.0 西北
11:31:43: 40 7930 -0.53 -0.16 -0.04 307.0 西北
11:31:43: 41 8129 -0.38 -0.45 -0.07 303.0 西北
11:31:43: 42 8329 -0.26 -0.12 0.04 306.0 西北
11:31:43: 43 8529 -0.54 -0.22 0.0 306.0 西北
11:31:44: 44 8730 -0.54 -0.33 0.0 305.0 西北
11:31:44: 45 8930 -0.63 -0.3 0.04 305.0 西北
11:31:44: 46 9129 -0.59 -0.29 0.0 304.0 西北
11:31:44: 47 9329 -0.56 -0.27 0.01 304.0 西北
11:31:44: 48 9529 -0.47 -0.24 -0.01 304.0 西北
11:31:45: 49 9729 -0.51 -0.19 -0.01 305.0 西北
11:31:45: 50 9929 -0.39 -0.2 0.01 304.0 西北
11:31:45: 51 10129 -0.39 -0.22 0.01 304.0 西北
11:31:45: 52 10329 -0.42 -0.14 0.01 304.0 西北
11:31:45: 53 10530 -0.4 -0.15 0.0 304.0 西北
11:31:46: 54 10729 -0.45 -0.13 0.01 304.0 西北
11:31:46: 55 10929 -0.44 -0.08 0.01 305.0 西北
11:31:46: 56 11129 -0.39 -0.17 0.0 304.0 西北
11:31:46: 57 11329 -0.23 -0.1 0.0 303.0 西北
11:31:46: 58 11530 -0.46 -0.32 0.0 302.0 西北
11:31:47: 59 11729 -0.23 -0.17 -0.03 304.0 西北
11:31:47: 60 11929 -0.23 -0.13 0.09 303.0 西北
11:31:47: 61 12129 -0.28 -0.17 0.06 301.0 西北
11:31:47: 62 12329 -0.38 -0.19 0.04 301.0 西北
11:31:47: 63 12529 -0.55 -0.17 0.04 301.0 西北
11:31:48: 64 12730 -0.41 -0.17 -0.01 301.0 西北
11:31:48: 65 12929 -0.38 -0.2 0.09 299.0 西北
11:31:48: 66 13130 -0.37 -0.25 0.1 297.0 西北
11:31:48: 67 13330 -0.48 -0.35 0.03 297.0 西北
11:31:48: 68 13529 -0.69 -0.26 -0.03 299.0 西北
11:31:49: 69 13729 -0.46 -0.03 -0.05 300.0 西北
11:31:49: 70 13929 -0.86 -0.12 -0.12 301.0 西北
11:31:49: 71 14130 -0.51 -0.17 -0.07 298.0 西北
11:31:49: 72 14329 -0.65 -0.07 0.06 299.0 西北
11:31:49: 73 14529 -0.68 -0.06 0.01 300.0 西北
11:31:50: 74 14729 -1.09 -0.18 -0.03 300.0 西北
11:31:50: 75 14930 -0.82 -0.07 -0.02 300.0 西北
11:31:50: 76 15129 -0.9 -0.14 0.05 299.0 西北
11:31:50: 77 15329 -0.79 -0.26 -0.04 298.0 西北
11:31:50: 78 15529 -0.74 -0.18 -0.02 299.0 西北
11:31:51: 79 15729 -0.72 -0.24 0.0 298.0 西北
11:31:51: 80 15929 -1.02 -0.35 -0.05 300.0 西北
11:31:51: 81 16129 -1.0 -0.28 -0.11 302.0 西北
11:31:51: 82 16329 -0.86 -0.38 -0.07 301.0 西北
11:31:51: 83 16529 -1.39 -0.55 -0.12 304.0 西北
11:31:52: 84 16731 -1.18 -0.66 -0.23 304.0 西北
11:31:52: 85 16931 -0.69 -0.68 -0.04 303.0 西北
11:31:52: 86 17131 -0.92 -0.65 0.11 304.0 西北
11:31:52: 87 17329 -0.89 -0.48 -0.16 305.0 西北
11:31:52: 88 17529 -0.88 -0.62 -0.04 305.0 西北
11:31:53: 89 17729 -0.95 -0.53 -0.06 307.0 西北
11:31:53: 90 17929 -0.86 -0.67 -0.05 306.0 西北
11:31:53: 91 18129 -0.63 0.04 -0.06 310.0 西北
11:31:53: 92 18329 -0.98 -0.26 0.04 309.0 西北
11:31:53: 93 18529 -0.69 -0.02 0.0 308.0 西北
11:31:54: 94 18729 -0.77 -0.11 0.14 307.0 西北
11:31:54: 95 18929 -0.62 -0.3 0.03 303.0 西北
11:31:55: 96 19129 -1.05 -0.39 -0.06 306.0 西北
11:31:55: 97 19756 -0.63 -0.07 0.21 310.0 西北
11:31:55: 98 19956 1.27 -1.22 0.25 286.0 西
11:31:55: 99 20164 2.74 -1.6 0.66 279.0 西
11:31:55: 100 20356 2.2 -2.27 0.04 275.0 西
11:31:56: 101 20556 0.77 -1.34 0.09 285.0 西
11:31:56: 102 20756 1.53 -1.98 -0.05 285.0 西
11:31:56: 103 20956 1.02 -2.41 -0.28 282.0 西
11:31:56: 104 21157 1.13 -2.06 0.07 286.0 西
11:31:56: 105 21356 0.98 -2.7 -0.02 280.0 西
11:31:57: 106 21556 1.07 -2.53 0.07 283.0 西
11:31:57: 107 21757 1.07 -2.53 0.07 285.0 西
11:31:57: 108 21785 0.61 -2.78 -0.02 281.0 西
11:31:57: 109 21956 0.93 -2.52 -0.05 283.0 西
11:31:57: 110 22156 0.7 -2.64 0.03 282.0 西
11:31:57: 111 22356 0.88 -2.58 0.06 282.0 西
11:31:58: 112 22556 0.52 -2.68 0.09 281.0 西
11:31:58: 113 22757 0.62 -2.74 -0.02 281.0 西
11:31:58: 114 22957 1.41 -2.12 -0.02 284.0 西
11:31:58: 115 23156 1.08 -1.06 0.35 285.0 西
11:31:58: 116 23357 0.29 0.02 0.19 282.0 西
11:31:59: 117 23556 2.06 1.18 0.03 279.0 西
11:31:59: 118 23757 7.69 -5.23 1.44 246.0 西南
11:31:59: 119 23956 5.76 -3.35 1.23 240.0 西南
11:31:59: 120 24156 5.92 -3.13 -0.23 229.0 西南
11:31:59: 121 24357 6.53 -3.12 -0.16 191.0 南
11:31:59: 122 24558 6.53 -3.12 -0.16 195.0 南
11:32:19: 22 4480 -0.64 -0.33 0.03 329.0 西北
11:32:19: 23 5144 -0.64 -0.33 0.03 329.0 西北
11:32:20: 24 5191 -0.5 0.9 0.03 331.0 西北
11:32:20: 25 5373 -0.78 0.85 0.01 332.0 西北
11:32:20: 26 5573 -0.47 0.87 -0.06 331.0 西北
11:32:20: 27 5773 -0.54 0.77 -0.02 331.0 西北
11:32:20: 28 5974 -0.53 0.75 -0.01 331.0 西北
11:32:21: 29 6173 -0.42 0.55 0.04 329.0 西北
11:32:21: 30 6373 -0.67 0.35 -0.05 331.0 西北
11:32:21: 31 6573 -0.97 0.42 -0.04 335.0 西北
11:32:21: 32 6773 -0.42 0.42 -0.07 332.0 西北
11:32:21: 33 6973 -0.15 0.52 0.0 331.0 西北
11:32:22: 34 7174 -0.39 0.75 0.02 333.0 西北
11:32:22: 35 7373 -0.72 1.05 0.09 336.0 西北
11:32:22: 36 7574 -0.91 0.17 0.14 333.0 西北
11:32:22: 37 7773 -1.28 0.09 0.0 335.0 西北
11:32:22: 38 7973 -1.61 0.2 0.58 333.0 西北
11:32:23: 39 8173 -1.41 0.45 0.62 325.0 西北
11:32:23: 40 8374 -0.9 -0.01 0.41 315.0 西北
11:32:23: 41 8573 0.29 0.4 0.2 308.0 西北
11:32:23: 42 8773 0.11 1.08 -0.05 310.0 西北
11:32:23: 43 8973 -0.19 1.16 -0.04 314.0 西北
11:32:24: 44 9173 -0.91 1.16 0.07 321.0 西北
11:32:24: 45 9373 0.32 0.29 0.24 306.0 西北
11:32:24: 46 9573 0.01 0.76 0.21 306.0 西北
11:32:24: 47 9774 -1.26 0.71 -0.06 311.0 西北
11:32:24: 48 9979 0.95 -0.21 -0.41 299.0 西北
11:32:25: 49 10173 1.59 0.12 -0.67 303.0 西北
11:32:25: 50 10373 0.74 0.48 -0.56 300.0 西北
11:32:25: 51 10573 -0.37 0.61 -0.6 309.0 西北
11:32:25: 52 10773 0.45 -1.63 -0.7 321.0 西北
11:32:25: 53 10973 0.09 -0.1 -0.8 324.0 西北
11:32:26: 54 11173 -1.4 0.42 -1.21 332.0 西北
11:32:26: 55 11373 0.61 -0.75 -1.14 350.0 北
11:32:26: 56 11573 -0.66 0.65 -0.9 357.0 北
11:32:26: 57 11773 -1.14 0.75 -0.74 0.0 北
11:32:26: 58 11973 0.18 -1.59 0.14 2.0 北
11:32:27: 59 12173 0.1 1.2 0.29 0.0 北
11:32:27: 60 12373 1.36 -0.7 0.4 0.0 北
11:32:27: 61 12573 -0.6 -0.3 -0.45 3.0 北
11:32:27: 62 12773 0.22 0.1 -0.44 6.0 北
11:32:27: 63 12973 0.23 -1.75 -0.01 6.0 北
11:32:28: 64 13173 -0.06 0.94 0.28 5.0 北
11:32:28: 65 13373 -0.11 -1.91 0.05 4.0 北
11:32:28: 66 13573 -0.95 -0.67 -0.45 9.0 北
11:32:28: 67 13773 0.03 -0.03 -0.23 9.0 北
11:32:28: 68 13973 -0.37 -2.33 0.06 9.0 北
11:32:29: 69 14174 -0.13 0.4 0.22 9.0 北
11:32:29: 70 14374 -0.26 -1.44 0.17 6.0 北
11:32:29: 71 14573 -1.12 0.14 -0.56 9.0 北
11:32:29: 72 14773 -0.88 0.11 -0.74 12.0 北
11:32:29: 73 14973 0.05 -1.01 0.12 14.0 北
11:32:30: 74 15173 0.45 0.83 0.02 14.0 北
11:32:30: 75 15373 0.45 0.83 0.02 14.0 北
11:32:30: 76 15402 1.32 -1.01 0.29 14.0 北
11:32:30: 77 15573 -0.63 0.34 -0.3 17.0 北
11:32:30: 78 15773 1.88 -0.77 -0.15 20.0 北
11:32:30: 79 15973 -3.06 -0.29 0.22 12.0 北
11:32:31: 80 16173 2.41 0.53 -0.63 22.0 北
11:32:31: 81 16374 2.52 -1.05 0.31 20.0 北
11:32:31: 82 16573 -0.29 -0.26 -0.24 20.0 北
11:32:31: 83 16773 -2.07 -2.94 -0.22 16.0 北
11:32:31: 84 16973 -1.88 -0.18 0.17 17.0 北
11:32:32: 85 17173 0.87 -1.05 0.36 15.0 北
11:32:32: 86 17375 -1.43 0.51 -0.56 13.0 北
11:32:32: 87 17573 -1.44 0.91 -0.36 14.0 北
11:32:32: 88 17773 -0.93 -1.65 0.21 11.0 北
11:32:32: 89 17975 1.52 1.36 0.2 12.0 北
11:32:33: 90 18173 -2.17 -2.15 0.38 3.0 北
11:32:33: 91 18373 -2.04 -0.3 -1.04 9.0 北
11:32:33: 92 18573 -0.76 -0.66 -0.58 15.0 北
11:32:33: 93 18774 -0.69 -1.38 0.14 22.0 北
11:32:33: 94 18973 -0.42 0.37 0.29 25.0 东北
11:32:34: 95 19173 0.42 -1.08 0.11 21.0 北
11:32:34: 96 19374 -0.61 0.89 -0.19 23.0 东北
11:32:34: 97 19573 -1.03 -2.18 -0.19 19.0 北
11:32:34: 98 19773 -0.68 -0.12 0.45 13.0 北
11:32:34: 99 19974 0.29 -1.13 0.42 12.0 北
11:32:35: 100 20174 -1.49 -0.66 0.5 12.0 北
11:32:35: 101 20373 0.45 0.19 0.38 5.0 北
11:32:35: 102 20573 -0.57 -2.61 1.05 352.0 北
11:32:35: 103 20773 0.85 -0.12 0.86 340.0 北
11:32:35: 104 20973 -1.78 -3.07 1.16 326.0 西北
11:32:36: 105 21173 0.18 -0.59 0.58 322.0 西北
11:32:36: 106 21373 -0.26 0.36 0.83 308.0 西北
11:32:36: 107 21574 0.96 -2.51 0.84 305.0 西北
11:32:36: 108 21773 -0.35 0.76 0.43 289.0 西
11:32:36: 109 21973 0.18 -2.09 -0.05 291.0 西
11:32:37: 110 22173 0.51 -0.36 0.35 290.0 西
11:32:37: 111 22373 -0.15 -0.22 -0.28 296.0 西北
11:32:37: 112 22574 0.42 -2.34 0.01 299.0 西北
11:32:37: 113 22773 0.84 0.11 0.4 284.0 西
11:32:37: 114 22973 1.16 -1.71 0.09 287.0 西
11:32:38: 115 23174 -1.46 0.96 -0.14 290.0 西
11:32:38: 116 23373 0.33 -1.21 -0.95 300.0 西北
11:32:38: 117 23573 0.51 -1.18 -0.03 297.0 西北
11:32:38: 118 23774 0.53 0.69 0.88 287.0 西
11:32:38: 119 23973 -0.34 -1.71 0.44 281.0 西
11:32:39: 120 24173 -0.58 0.23 -1.02 292.0 西
11:32:39: 121 24373 -1.23 0.77 -0.28 297.0 西北
11:32:39: 122 24573 0.79 -0.46 0.39 286.0 西
11:32:39: 123 24773 0.59 -1.35 -0.25 289.0 西
11:32:39: 124 24974 1.35 -1.1 -0.09 292.0 西
11:32:40: 125 25174 0.28 0.01 -0.51 293.0 西北
11:32:40: 126 25373 -0.02 -1.61 -0.06 297.0 西北
11:32:40: 127 25573 0.86 -0.27 -0.1 297.0 西北
11:32:40: 128 25773 -1.21 1.03 0.09 295.0 西北
11:32:40: 129 25973 5.28 -2.53 -0.5 309.0 西北
11:32:41: 130 26173 -0.86 0.85 -0.49 296.0 西北
11:32:41: 131 26374 0.42 0.29 -0.79 308.0 西北
11:32:41: 132 26573 0.95 -0.76 -0.34 314.0 西北
11:32:41: 133 26773 0.16 0.62 -0.22 318.0 西北
11:32:41: 134 26973 2.94 -4.29 -0.95 336.0 西北
11:32:42: 135 27173 1.13 0.18 -1.17 351.0 北
11:32:42: 136 27374 1.24 -1.24 -1.1 0.0 北
11:32:42: 137 27573 -0.47 -1.87 -0.46 6.0 北
11:32:42: 138 27774 1.05 -0.19 -0.19 13.0 北
11:32:42: 139 27973 1.45 -2.16 0.03 16.0 北
11:32:43: 140 28173 0.2 0.68 -0.49 22.0 北
11:32:43: 141 28373 -1.07 -0.2 0.02 18.0 北
11:32:43: 142 28573 0.07 -1.5 0.32 17.0 北
11:32:43: 143 28773 0.11 0.43 0.83 9.0 北
11:32:43: 144 28974 0.72 -1.03 0.75 2.0 北
11:32:44: 145 29173 0.59 0.13 0.17 2.0 北
11:32:44: 146 29373 -0.67 -0.78 0.78 352.0 北
11:32:44: 147 29573 -0.26 -2.33 0.89 347.0 北
11:32:44: 148 29773 0.8 -0.92 1.14 330.0 西北
11:32:44: 149 29974 -4.94 -2.02 1.0 314.0 西北
11:32:45: 150 30173 1.67 0.91 -0.28 311.0 西北
11:32:45: 151 30373 -1.28 1.47 -1.14 314.0 西北
11:32:45: 152 30573 0.89 -0.57 -0.31 317.0 西北
11:32:45: 153 30773 0.55 1.35 0.72 308.0 西北
11:32:45: 154 30974 1.7 0.19 -0.25 317.0 西北
11:32:46: 155 31173 -1.09 -0.34 -1.08 316.0 西北
11:32:46: 156 31373 -1.05 -1.1 -0.4 338.0 北
11:32:46: 157 31573 0.94 -0.22 0.15 340.0 北
11:32:46: 158 31773 1.21 -0.47 -0.14 334.0 西北
11:32:46: 159 31973 1.83 -1.9 0.03 336.0 西北
11:32:47: 160 32173 -0.28 1.52 -0.82 342.0 北
11:32:47: 161 32377 -0.34 -0.67 0.19 346.0 北
11:32:47: 162 32573 0.65 -0.54 0.33 345.0 北
11:32:47: 163 32773 0.74 -1.2 -0.31 346.0 北
11:32:47: 164 32973 0.62 -0.36 -0.41 345.0 北
11:32:48: 165 33173 0.28 1.33 -0.79 348.0 北
11:32:48: 166 33373 0.19 -1.57 -0.05 354.0 北
11:32:48: 167 33573 -0.78 0.54 0.48 350.0 北
11:32:48: 168 33774 0.69 -0.82 0.1 348.0 北
11:32:48: 169 33973 -0.13 -0.44 -0.69 351.0 北
11:32:49: 170 34173 -0.48 1.08 -0.93 358.0 北
11:32:49: 171 34374 1.66 -2.85 -0.21 2.0 北
11:32:49: 172 34573 0.7 1.03 0.41 0.0 北
11:32:49: 173 34773 0.78 -0.99 0.38 355.0 北
11:32:49: 174 34973 -1.34 0.04 -0.64 0.0 北
11:32:50: 175 35174 0.09 1.79 -0.43 6.0 北
11:32:50: 176 35373 0.01 -0.96 -0.11 9.0 北
11:32:50: 177 35573 0.66 1.66 -0.13 156.0 东南
11:32:50: 178 35774 1.41 0.54 -0.13 146.0 东南
11:32:50: 179 35973 -1.14 1.04 0.13 187.0 南
11:32:51: 180 36174 -2.29 3.03 -0.73 180.0 南
11:32:51: 181 36373 0.94 -0.28 -0.58 136.0 东南
11:32:51: 182 36573 1.58 1.44 0.08 143.0 东南
11:32:51: 183 36774 1.25 -0.01 0.58 144.0 东南
11:32:51: 184 36973 -1.04 1.55 0.38 187.0 南
11:32:52: 185 37173 -0.37 1.68 -0.56 163.0 南
11:32:52: 186 37373 0.45 -0.69 0.14 141.0 东南
11:32:52: 187 37574 -0.22 0.18 0.49 161.0 南
11:32:52: 188 37773 -0.18 -2.54 -0.29 143.0 东南
11:32:52: 189 37975 -1.08 1.43 0.18 196.0 南
11:32:53: 190 38173 -1.56 1.37 -0.07 177.0 南
11:32:53: 191 38373 1.35 -0.6 -0.42 122.0 东南
11:32:53: 192 38573 0.1 0.89 0.25 158.0 南
11:32:53: 193 38773 1.25 -2.48 0.34 115.0 东南
11:32:53: 194 38973 0.03 1.11 -0.01 162.0 南
11:32:54: 195 39173 0.37 0.17 -0.23 149.0 东南
11:32:54: 196 39373 -0.81 -0.36 -0.22 176.0 南
11:32:54: 197 39573 0.85 0.55 0.31 146.0 东南
11:32:54: 198 39773 1.6 -1.36 0.35 113.0 东南
11:32:54: 199 39974 -0.01 0.19 -0.72 155.0 东南
11:32:55: 200 40173 2.05 -3.91 -0.38 100.0 东
11:32:55: 201 40373 -0.82 -1.16 0.35 170.0 南
11:32:55: 202 40573 0.54 -1.03 0.59 138.0 东南
11:32:55: 203 40773 0.86 0.25 0.53 146.0 东南
11:32:55: 204 40973 1.05 0.04 0.11 143.0 东南
11:32:56: 205 41174 0.21 -2.35 0.36 137.0 东南
11:32:56: 206 41374 -0.2 0.59 0.31 167.0 南
11:32:56: 207 41573 1.12 -0.12 0.63 149.0 东南
11:32:56: 208 41773 0.07 -1.54 -0.12 136.0 东南
11:32:56: 209 41974 -2.07 0.57 -0.53 186.0 南
11:32:57: 210 42174 -3.65 -2.95 0.46 265.0 西
11:32:57: 211 42373 -3.65 -2.95 0.46 261.0 西
11:32:57: 212 42393 -0.4 -0.94 1.25 171.0 南
11:32:57: 213 42573 1.08 -2.86 1.45 136.0 东南
11:32:57: 214 42773 -0.34 -0.07 0.33 179.0 南
11:32:57: 215 42973 0.55 0.19 0.27 166.0 南
11:32:58: 216 43173 0.36 -1.17 0.53 156.0 东南
11:32:58: 217 43374 1.4 0.18 0.48 153.0 东南
11:32:58: 218 43573 2.66 -1.74 0.54 131.0 东南
11:32:58: 219 43773 0.08 0.6 -0.52 173.0 南
11:32:58: 220 43973 -0.4 0.05 0.09 178.0 南
11:32:59: 221 44173 -0.84 0.29 0.53 202.0 南
11:32:59: 222 44373 1.12 -0.13 0.22 161.0 南
11:32:59: 223 44573 3.25 -1.2 0.21 122.0 东南
11:32:59: 224 44774 0.96 0.31 0.19 164.0 南
11:32:59: 225 44973 -1.64 -1.37 -0.06 208.0 西南
11:33:00: 226 45174 -0.28 -0.19 0.48 179.0 南
11:33:00: 227 45373 1.32 -2.32 0.09 154.0 东南
11:33:00: 228 45573 1.85 -0.01 -0.18 137.0 东南
11:33:00: 229 45773 1.51 -0.01 -0.17 159.0 南
11:33:00: 230 45973 1.4 -2.08 -0.16 139.0 东南
11:33:01: 231 46174 1.44 -0.61 0.49 147.0 东南
11:33:01: 232 46374 1.94 -3.39 0.49 134.0 东南
11:33:01: 233 46573 0.92 0.19 -0.7 157.0 东南
11:33:01: 234 46773 0.3 -0.54 -0.62 170.0 南
11:33:01: 235 46974 -1.25 -1.52 -0.32 222.0 西南
11:33:02: 236 47173 0.66 -0.18 0.52 166.0 南
11:33:02: 237 47373 0.5 -2.59 0.44 149.0 东南
11:33:02: 238 47573 0.14 0.32 0.03 173.0 南
11:33:02: 239 47773 1.17 -0.33 -0.3 166.0 南
11:33:02: 240 47973 -0.17 -1.34 0.1 177.0 南
11:33:03: 241 48174 1.02 0.31 -0.09 164.0 南
11:33:03: 242 48375 1.43 -2.27 0.75 150.0 东南
11:33:03: 243 48573 0.35 0.8 -0.31 169.0 南
11:33:03: 244 48773 0.21 0.1 0.08 174.0 南
11:33:03: 245 48973 0.68 -0.54 -0.07 156.0 东南
11:33:04: 246 49173 -0.01 0.78 0.28 176.0 南
11:33:04: 247 49373 4.89 -0.71 -0.36 118.0 东南
11:33:04: 248 49573 -0.26 0.31 0.42 179.0 南
11:33:04: 249 49773 -0.28 -0.81 -0.23 179.0 南
11:33:04: 250 49973 -0.37 0.14 0.11 188.0 南
11:33:05: 251 50173 -0.53 0.42 -0.16 181.0 南
11:33:05: 252 50375 2.73 0.56 -0.16 138.0 东南
11:33:05: 253 50573 -1.21 0.25 0.4 189.0 南
11:33:05: 254 50774 -0.06 -1.62 -0.19 176.0 南
11:33:05: 255 50973 -0.03 0.24 0.54 177.0 南
11:33:06: 256 51174 1.49 -1.37 0.54 163.0 南
11:33:06: 257 51374 1.37 -0.38 0.54 150.0 东南
11:33:06: 258 51573 0.38 0.58 -0.29 173.0 南
11:33:06: 259 51773 0.75 -2.04 0.29 157.0 东南
11:33:06: 260 51973 0.29 0.3 0.17 172.0 南
11:33:07: 261 52173 1.02 -1.45 0.42 164.0 南
11:33:07: 262 52374 -1.29 -0.38 0.05 203.0 西南
11:33:07: 263 52573 0.48 0.51 -0.59 172.0 南
11:33:07: 264 52773 1.6 -1.96 -0.1 136.0 东南
11:33:07: 265 52973 0.08 0.09 0.3 176.0 南
11:33:08: 266 53173 0.92 -2.27 0.01 160.0 南
11:33:08: 267 53373 -0.52 -0.51 0.26 191.0 南
11:33:08: 268 53573 0.97 1.24 -0.75 168.0 南
11:33:08: 269 53773 2.12 -1.83 -0.08 127.0 东南
11:33:08: 270 53973 -0.2 0.1 0.38 252.0 西
11:33:09: 271 54173 0.68 -1.4 -0.02 260.0 西
11:33:09: 272 54373 0.46 1.45 0.32 233.0 西南
11:33:09: 273 54573 -0.5 0.38 -0.13 259.0 西
11:33:09: 274 54773 0.84 -0.65 -0.59 273.0 西
11:33:09: 275 54974 0.48 0.35 0.3 281.0 西
11:33:10: 276 55173 2.22 0.05 -0.02 295.0 西北
11:33:10: 277 55373 -1.06 -0.37 -0.08 307.0 西北
11:33:10: 278 55573 -1.02 0.73 -0.52 325.0 西北
11:33:10: 279 55773 -0.05 0.17 0.39 286.0 西
11:33:10: 280 55973 1.4 -0.16 0.49 262.0 西
11:33:11: 281 56173 1.27 -1.04 0.41 233.0 西南
11:33:11: 282 56373 0.27 0.91 -0.4 245.0 西南
11:33:11: 283 56573 1.75 -1.39 -0.14 258.0 西
11:33:11: 284 56773 1.09 0.7 0.22 244.0 西南
11:33:11: 285 56973 1.03 -0.19 -0.09 252.0 西
11:33:12: 286 57173 -0.51 -0.04 0.1 258.0 西
11:33:12: 287 57373 2.09 0.91 -0.42 273.0 西
11:33:12: 288 57573 0.0 -2.43 0.44 271.0 西
11:33:12: 289 57773 -0.01 0.34 0.15 246.0 西南
11:33:12: 290 57973 2.69 -0.78 0.33 249.0 西
11:33:13: 291 58174 -1.28 0.2 0.52 232.0 西南
11:33:13: 292 58374 3.08 1.74 -0.64 254.0 西
11:33:13: 293 58574 0.2 -2.25 0.06 235.0 西南
11:33:13: 294 58773 0.97 -0.03 -0.16 243.0 西南
11:33:13: 295 58973 2.77 -3.02 0.32 236.0 西南
11:33:14: 296 59174 0.51 1.14 0.15 240.0 西南
11:33:14: 297 59377 1.07 1.12 -0.16 241.0 西南
11:33:14: 298 59573 -0.41 -0.96 -0.26 238.0 西南
11:33:14: 299 59773 3.34 1.18 -0.6 237.0 西南
11:33:14: 300 59973 1.96 -2.59 0.38 230.0 西南
11:33:15: 301 60174 -0.38 0.62 -0.43 236.0 西南
11:33:15: 302 60373 1.64 0.46 -0.73 244.0 西南
11:33:15: 303 60573 -1.71 -0.96 0.5 242.0 西南
11:33:15: 304 60774 0.94 0.39 -0.17 245.0 西南
11:33:15: 305 60974 2.47 -2.07 0.54 244.0 西南
11:33:16: 306 61175 -0.62 0.33 -0.21 245.0 西南
11:33:16: 307 61373 -0.68 -1.31 -0.28 256.0 西
11:33:16: 308 61573 0.12 0.37 0.06 249.0 西
11:33:16: 309 61773 1.23 -0.38 0.1 251.0 西
11:33:16: 310 61974 1.28 -1.1 0.48 249.0 西
11:33:17: 311 62174 0.47 0.27 -0.41 252.0 西
11:33:17: 312 62380 -0.48 -1.94 -0.14 259.0 西
11:33:17: 313 62573 -0.64 0.21 0.26 246.0 西南
11:33:17: 314 62773 1.74 -1.18 0.29 243.0 西南
11:33:17: 315 62973 -0.38 -0.53 -0.13 237.0 西南
11:33:18: 316 63173 0.01 0.84 -0.21 238.0 西南
11:33:18: 317 63385 -1.19 -2.3 0.09 250.0 西
11:33:18: 318 63573 0.05 0.25 0.24 234.0 西南
11:33:18: 319 63773 0.68 -1.33 -0.24 245.0 西南
11:33:18: 320 63973 0.16 -0.09 -0.17 237.0 西南
11:33:19: 321 64174 0.52 0.73 -0.36 238.0 西南
11:33:19: 322 64373 1.16 -2.02 -0.33 252.0 西
11:33:19: 323 64574 0.74 0.14 0.55 234.0 西南
11:33:19: 324 64773 1.34 -1.46 -0.28 247.0 西南
11:33:19: 325 64973 -1.15 0.31 -0.39 247.0 西南
11:33:20: 326 65174 0.93 0.78 -0.34 257.0 西
11:33:20: 327 65373 -0.8 -2.12 -0.12 272.0 西
11:33:20: 328 65573 1.82 -0.51 -0.23 260.0 西
11:33:20: 329 65773 -0.04 -3.26 -0.25 279.0 西
11:33:20: 330 65974 -0.76 0.96 -1.17 284.0 西
11:33:21: 331 66173 3.96 0.57 -0.22 315.0 西北
11:33:21: 332 66373 0.51 -1.13 0.39 322.0 西北
11:33:21: 333 66573 -0.33 0.06 0.34 309.0 西北
11:33:21: 334 66774 0.22 -2.04 0.29 317.0 西北
11:33:21: 335 66973 -1.35 0.5 0.24 293.0 西北
11:33:22: 336 67173 -1.55 -0.22 0.8 283.0 西
11:33:22: 337 67378 -0.69 -1.77 0.43 109.0 东
11:33:22: 338 67573 -1.4 0.61 0.81 164.0 南
11:33:22: 339 67773 -0.77 -2.95 0.11 172.0 南
11:33:22: 340 67973 0.1 0.83 -0.5 166.0 南
11:33:23: 341 68173 1.19 -0.41 0.47 179.0 南
11:33:23: 342 68373 -1.88 -1.27 0.28 185.0 南
11:33:23: 343 68573 2.28 -0.64 -0.88 174.0 南
11:33:23: 344 68773 2.95 -0.39 -0.32 168.0 南
11:33:23: 345 68973 0.13 0.53 -0.46 173.0 南
11:33:24: 346 69173 0.33 -2.26 -0.38 189.0 南
11:33:24: 347 69377 -0.29 0.32 0.15 201.0 南
11:33:24: 348 69573 1.46 -1.49 -0.08 208.0 西南
11:33:24: 349 69773 -0.78 -0.81 -0.08 211.0 西南
11:33:24: 350 69973 0.79 0.48 -0.44 244.0 西南
11:33:25: 351 70173 -0.21 -1.54 -0.78 296.0 西北
11:33:25: 352 70378 -0.46 0.4 0.36 220.0 西南
11:33:25: 353 70573 0.15 -2.52 0.4 225.0 西南
11:33:25: 354 70773 -0.84 0.94 0.12 249.0 西
11:33:25: 355 70973 0.25 0.33 -0.43 273.0 西
11:33:26: 356 71173 0.48 -1.37 0.18 250.0 西
11:33:26: 357 71373 1.22 0.68 0.7 210.0 西南
11:33:26: 358 71573 0.02 -4.01 -0.13 210.0 西南
11:33:26: 359 71773 1.04 1.19 -0.1 292.0 西
11:33:26: 360 71973 3.64 -0.02 0.1 238.0 西南
11:33:27: 361 72173 -0.44 -0.44 -0.3 240.0 西南
11:33:27: 362 72373 1.55 -0.23 -0.13 226.0 西南
11:33:27: 363 72574 0.9 -2.94 -0.23 244.0 西南
11:33:27: 364 72773 0.69 0.64 -1.14 312.0 西北
11:33:27: 365 72973 1.61 -1.7 -0.8 335.0 西北
11:33:28: 366 73173 -1.15 0.06 -0.36 4.0 北
11:33:28: 367 73373 2.28 -1.11 -0.24 2.0 北
11:33:28: 368 73573 -1.21 -0.04 0.3 43.0 东北
11:33:28: 369 73773 0.86 -0.26 -1.09 26.0 东北
11:33:28: 370 73973 0.7 -3.04 0.29 34.0 东北
11:33:29: 371 74173 1.97 0.25 0.53 57.0 东北
11:33:29: 372 74379 0.98 -1.09 0.19 58.0 东北
11:33:29: 373 74573 -1.22 1.16 -0.22 71.0 东
11:33:29: 374 74773 -0.17 1.04 -0.34 39.0 东北
11:33:29: 375 74973 0.67 -0.74 0.14 60.0 东北
11:33:30: 376 75173 0.3 0.73 -0.01 72.0 东
11:33:30: 377 75374 1.12 -0.8 0.23 85.0 东
11:33:30: 378 75573 0.42 1.33 -0.38 64.0 东北
11:33:30: 379 75773 0.73 -1.5 0.29 74.0 东
11:33:30: 380 75974 -1.14 0.61 0.59 134.0 东南
11:33:31: 381 76173 1.14 -1.47 0.09 155.0 东南
11:33:31: 382 76373 -1.16 0.35 0.14 140.0 东南
11:33:31: 383 76573 1.25 1.75 0.08 91.0 东
11:33:31: 384 76773 -0.88 -2.99 0.15 179.0 南
11:33:31: 385 76976 0.69 0.15 0.92 182.0 南
11:33:32: 386 77173 0.65 -3.46 -0.08 194.0 南
11:33:32: 387 77373 -0.4 0.96 -0.46 187.0 南
11:33:32: 388 77573 -0.2 0.58 0.14 219.0 西南
11:33:32: 389 77773 -0.5 -0.39 0.34 209.0 西南
11:33:32: 390 77973 0.07 1.09 0.46 204.0 西南
11:33:33: 391 78182 2.0 -1.69 0.16 198.0 南
11:33:33: 392 78374 0.65 2.13 -0.33 204.0 西南
11:33:33: 393 78573 0.74 0.1 0.24 212.0 西南
11:33:33: 394 78773 -0.23 1.41 -0.36 207.0 西南
11:33:33: 395 78974 0.9 0.44 -0.05 208.0 西南
11:33:34: 396 79173 0.73 -0.63 -0.12 208.0 西南
11:33:34: 397 79373 -0.49 1.29 -0.1 220.0 西南
11:33:34: 398 79574 -1.44 -1.98 0.11 238.0 西南
11:33:34: 399 79773 -1.58 0.41 0.5 236.0 西南
11:33:34: 400 79973 0.72 -1.39 -0.26 241.0 西南
11:33:35: 401 80173 0.1 -0.79 -0.01 220.0 西南
11:33:35: 402 80373 0.37 0.79 -0.21 236.0 西南
11:33:35: 403 80573 -0.69 -1.93 0.18 261.0 西
11:33:35: 404 80773 -1.45 -0.26 0.33 225.0 西南
11:33:35: 405 80973 0.86 -1.81 0.33 223.0 西南
11:33:36: 406 81173 -0.87 0.63 -0.22 214.0 西南
11:33:36: 407 81373 -0.17 -0.48 0.21 224.0 西南
11:33:36: 408 81573 0.53 -1.44 -0.07 208.0 西南
11:33:36: 409 81773 -0.07 0.75 -0.09 203.0 西南
11:33:36: 410 81973 0.71 -0.76 0.03 195.0 南
11:33:37: 411 82173 -0.34 1.81 -0.05 198.0 南
11:33:37: 412 82381 -0.51 0.44 -0.05 204.0 西南
11:33:37: 413 82573 0.07 0.27 0.05 201.0 南
11:33:37: 414 82773 1.07 1.19 -0.26 196.0 南
11:33:37: 415 82973 2.44 -0.62 -0.12 193.0 南
11:33:38: 416 83173 -1.05 0.72 -0.52 207.0 西南
11:33:38: 417 83373 0.1 -1.13 -0.39 233.0 西南
11:33:38: 418 83573 -1.83 0.16 0.07 241.0 西南
11:33:38: 419 83773 1.42 -1.12 0.05 254.0 西
11:33:38: 420 83973 0.42 -1.5 0.05 233.0 西南
11:33:39: 421 84173 -0.26 1.66 -0.49 293.0 西北
11:33:39: 422 84373 -0.96 -2.76 -0.63 294.0 西北
11:33:39: 423 84573 -0.28 0.4 -0.16 247.0 西南
11:33:39: 424 84774 0.72 -1.19 0.14 282.0 西
11:33:39: 425 84973 -1.01 0.1 0.65 187.0 南
11:33:40: 426 85173 -0.53 1.25 -0.56 44.0 东北
11:33:40: 427 85374 0.29 -2.02 -0.24 45.0 东北
11:33:40: 428 85573 0.34 0.88 0.63 105.0 东
11:33:40: 429 85773 0.24 -2.26 0.2 95.0 东
11:33:40: 430 85973 -1.54 0.64 0.19 111.0 东
11:33:41: 431 86173 0.13 0.73 -0.12 89.0 东
11:33:41: 432 86374 1.89 -1.19 0.17 97.0 东
11:33:41: 433 86573 0.99 2.2 0.92 127.0 东南
11:33:41: 434 86773 1.47 -2.78 0.06 119.0 东南
11:33:41: 435 86973 -0.49 0.73 -0.75 99.0 东
11:33:42: 436 87173 2.46 -1.77 -0.62 75.0 东
11:33:42: 437 87373 -0.04 -0.13 0.03 93.0 东
11:33:42: 438 87573 2.6 -0.79 0.09 87.0 东
11:33:42: 439 87773 1.23 -1.13 0.04 84.0 东
11:33:42: 440 87973 0.16 0.83 -0.72 78.0 东
11:33:43: 441 88173 0.08 -1.9 -0.22 60.0 东北
11:33:43: 442 88373 -0.36 0.51 -0.12 75.0 东
11:33:43: 443 88573 1.56 -1.57 0.03 59.0 东北
11:33:43: 444 88773 -0.23 -0.34 0.17 70.0 东
11:33:43: 445 88973 1.17 0.72 -0.58 65.0 东北
11:33:44: 446 89173 -0.05 -2.69 -0.27 42.0 东北
11:33:44: 447 89373 -0.68 -0.79 0.71 59.0 东北
11:33:44: 448 89573 1.28 -0.98 0.08 64.0 东北
11:33:44: 449 89773 -1.2 0.42 0.2 63.0 东北
11:33:44: 450 89975 0.72 -0.02 -0.03 51.0 东北
11:33:45: 451 90173 0.61 -1.96 -0.02 47.0 东北
11:33:45: 452 90373 1.5 0.3 0.4 84.0 东
11:33:45: 453 90573 0.09 -4.28 0.64 49.0 东北
11:33:45: 454 90773 -0.51 0.59 -0.14 99.0 东
11:33:45: 455 90973 2.69 1.24 -0.2 75.0 东
11:33:46: 456 91174 5.76 -4.82 -0.01 53.0 东北
11:33:46: 457 91373 -0.52 0.05 -0.38 73.0 东
11:33:46: 458 91573 2.4 -1.51 0.02 53.0 东北
11:33:46: 459 91773 -1.22 -0.56 0.13 29.0 东北
11:33:46: 460 91974 0.6 0.61 -0.73 41.0 东北
11:33:47: 461 92174 -0.46 -2.25 -0.02 26.0 东北
11:33:47: 462 92374 -0.02 -0.37 0.64 45.0 东北
11:33:47: 463 92575 0.92 -2.39 1.2 52.0 东北
11:33:47: 464 92773 -0.11 0.53 -0.32 103.0 东
11:33:47: 465 92973 1.26 -0.44 0.27 69.0 东
11:33:48: 466 93173 1.15 -1.32 0.59 84.0 东
11:33:48: 467 93373 1.17 -0.27 0.34 117.0 东南
11:33:48: 468 93573 0.77 -2.38 0.05 88.0 东
11:33:48: 469 93773 0.46 1.0 -0.49 104.0 东
11:33:48: 470 93973 1.52 -3.27 0.03 32.0 东北
11:33:49: 471 94173 -1.42 -0.36 -0.23 3.0 北
11:33:49: 472 94374 2.22 -0.46 0.25 78.0 东
11:33:49: 473 94573 0.59 -0.19 0.2 116.0 东南
11:33:49: 474 94773 0.53 -0.05 -0.16 84.0 东
11:33:49: 475 94973 -1.02 -1.22 0.07 23.0 东北
11:33:50: 476 95173 0.98 0.28 -0.22 108.0 东
11:33:50: 477 95374 1.17 -1.23 0.86 138.0 东南
11:33:50: 478 95573 -1.45 0.77 -0.44 174.0 南
11:33:50: 479 95774 -0.79 0.15 0.07 146.0 东南
11:33:50: 480 95973 -0.68 0.4 0.21 191.0 南
11:33:51: 481 96173 1.33 -0.55 0.12 131.0 东南
11:33:51: 482 96374 -0.23 -0.73 -0.5 144.0 东南
11:33:51: 483 96573 0.45 0.56 -0.91 83.0 东
11:33:51: 484 96773 -0.04 -2.02 -0.34 54.0 东北
11:33:51: 485 96973 0.88 1.05 0.47 111.0 东
11:33:52: 486 97173 -0.03 -1.19 0.75 139.0 东南
11:33:52: 487 97373 -0.91 1.66 -0.89 165.0 南
11:33:52: 488 97573 -1.85 1.34 -0.3 151.0 东南
11:33:52: 489 97773 -0.09 0.26 0.26 139.0 东南
11:33:52: 490 97973 0.96 0.93 0.41 140.0 东南
11:33:53: 491 98173 2.22 0.85 -0.22 137.0 东南
11:33:53: 492 98373 -0.84 1.87 -0.23 159.0 南
11:33:53: 493 98573 -0.67 -0.75 -0.08 115.0 东南
11:33:53: 494 98773 -1.49 0.63 -0.08 180.0 南
11:33:53: 495 98973 0.99 -0.87 0.69 112.0 东
11:33:54: 496 99173 -0.61 0.23 0.39 154.0 东南
11:33:54: 497 99374 -0.19 0.8 -0.3 135.0 东南
11:33:54: 498 99574 -0.8 -1.32 -0.21 76.0 东
11:33:54: 499 99773 0.68 0.29 0.19 127.0 东南
11:33:54: 500 99973 -0.84 -1.38 0.0 100.0 东
11:33:55: 501 100173 0.51 1.18 0.01 137.0 东南
11:33:55: 502 100373 -0.67 0.69 0.0 124.0 东南
11:33:55: 503 100573 0.23 -0.75 0.07 89.0 东
11:33:55: 504 100773 1.62 0.52 -0.14 113.0 东南
11:33:55: 505 100973 0.76 -1.77 0.06 100.0 东
11:33:56: 506 101173 0.97 1.83 -0.32 131.0 东南
11:33:56: 507 101373 -0.77 -0.29 0.03 79.0 东
11:33:56: 508 101573 -1.16 -0.02 -0.46 6.0 北
11:33:56: 509 101773 0.88 -0.81 0.32 68.0 东
11:33:56: 510 101974 1.58 -0.63 0.46 90.0 东
11:33:57: 511 102173 -0.11 0.56 -0.45 79.0 东
11:33:57: 512 102373 -0.75 -1.91 0.15 48.0 东北
11:33:57: 513 102573 0.05 -0.18 0.13 91.0 东
11:33:57: 514 102773 0.26 -1.15 -0.03 67.0 东北
11:33:57: 515 102973 -0.39 0.01 0.21 93.0 东
11:33:58: 516 103174 -0.08 0.76 0.06 80.0 东
11:33:58: 517 103373 0.83 -2.08 0.11 54.0 东北
11:33:58: 518 103573 -0.06 -0.16 0.23 90.0 东
11:33:58: 519 103773 4.03 -1.88 0.22 81.0 东
11:33:58: 520 103973 -0.29 1.48 0.37 138.0 东南
11:33:59: 521 104173 2.0 2.23 -0.04 100.0 东
11:33:59: 522 104373 -1.0 -1.09 -0.34 89.0 东
11:33:59: 523 104573 0.09 2.17 -0.36 132.0 东南
11:33:59: 524 104773 1.89 -1.42 0.76 124.0 东南
11:33:59: 525 104974 -0.11 0.98 -0.67 121.0 东南
11:34:00: 526 105173 1.65 -1.39 -0.27 80.0 东
11:34:00: 527 105373 -0.85 -0.1 0.03 110.0 东
11:34:00: 528 105573 2.15 -1.73 0.48 98.0 东
11:34:00: 529 105773 1.63 -0.31 0.24 101.0 东
11:34:00: 530 105973 0.01 0.98 -0.42 103.0 东
11:34:01: 531 106175 0.19 -1.85 -0.06 80.0 东
11:34:01: 532 106373 0.25 -0.14 0.5 111.0 东
11:34:01: 533 106573 0.1 -1.52 -0.49 97.0 东
11:34:01: 534 106773 -0.6 -0.68 -0.21 92.0 东
11:34:01: 535 106974 0.73 1.18 -0.34 101.0 东
11:34:02: 536 107173 0.24 -1.64 -0.42 114.0 东南
11:34:02: 537 107373 -0.5 0.84 0.38 138.0 东南
11:34:02: 538 107573 0.2 -2.64 0.18 108.0 东
11:34:02: 539 107773 -0.19 0.44 -0.41 125.0 东南
11:34:02: 540 107974 0.43 0.75 -0.24 114.0 东南
11:34:03: 541 108174 0.16 -1.5 0.19 102.0 东
11:34:03: 542 108373 -0.07 -0.06 -0.23 129.0 东南
11:34:03: 543 108573 0.13 -3.39 0.11 75.0 东
11:34:03: 544 108773 -0.21 0.97 -0.26 133.0 东南
11:34:03: 545 108973 -2.24 0.12 -0.47 93.0 东
11:34:04: 546 109173 -1.3 -0.95 0.1 73.0 东
11:34:04: 547 109373 -0.56 0.74 0.06 130.0 东南
11:34:04: 548 109573 0.69 -2.4 0.36 95.0 东
11:34:04: 549 109773 -0.93 1.27 -0.05 174.0 南
11:34:04: 550 109974 -0.12 0.48 0.0 107.0 东
11:34:05: 551 110173 -0.44 -0.47 0.26 76.0 东
11:34:05: 552 110374 0.65 -0.57 0.09 120.0 东南
11:34:05: 553 110574 0.93 -1.99 -0.12 98.0 东
11:34:05: 554 110773 -0.1 1.05 -0.44 136.0 东南
11:34:05: 555 110973 1.83 -1.33 0.14 101.0 东
11:34:06: 556 111173 -1.62 -0.93 0.99 194.0 南
11:34:06: 557 111373 0.46 -1.67 -0.81 120.0 东南
11:34:06: 558 111573 0.27 -0.62 -0.33 119.0 东南
11:34:06: 559 111773 -0.71 -0.36 -0.48 88.0 东
11:34:06: 560 111974 -0.99 -1.86 0.15 3.0 北
11:34:07: 561 112173 -0.62 0.57 0.25 179.0 南
11:34:07: 562 112373 2.42 -4.72 0.64 50.0 东北
11:34:07: 563 112573 -1.55 0.16 -0.75 204.0 西南
11:34:07: 564 112773 -0.88 0.33 -0.43 316.0 西北
11:34:07: 565 112973 0.69 -1.77 0.27 31.0 东北
11:34:08: 566 113173 -0.54 0.03 0.05 188.0 南
11:34:08: 567 113373 0.98 -1.66 -0.09 53.0 东北
11:34:08: 568 113573 -0.77 0.92 -0.16 202.0 南
11:34:08: 569 113774 -0.94 0.42 0.08 338.0 北
11:34:08: 570 113973 -0.15 -1.16 0.67 27.0 东北
11:34:09: 571 114173 -0.22 0.93 0.01 165.0 南
11:34:09: 572 114373 1.85 -2.41 -0.11 71.0 东
11:34:09: 573 114573 -0.49 0.95 -0.11 165.0 南
11:34:09: 574 114775 -1.11 0.32 -0.27 333.0 西北
11:34:09: 575 114973 0.65 -0.01 -0.29 88.0 东
11:34:10: 576 115173 0.95 -0.13 0.68 96.0 东
11:34:10: 577 115373 -0.23 -1.99 0.46 42.0 东北
11:34:10: 578 115573 -1.35 -0.19 -0.45 317.0 西北
11:34:10: 579 115773 -0.29 -0.77 -0.42 19.0 北
11:34:10: 580 115975 -0.1 0.53 -0.35 140.0 东南
11:34:11: 581 116173 0.65 -0.83 0.31 87.0 东
11:34:11: 582 116373 0.62 -1.29 0.56 118.0 东南
11:34:11: 583 116573 -2.41 -1.0 -0.39 334.0 西北
11:34:11: 584 116773 -1.35 -1.73 -0.77 349.0 北
11:34:11: 585 116973 -0.73 0.73 0.31 217.0 西南
11:34:12: 586 117173 -0.72 -1.03 0.2 47.0 东北
11:34:12: 587 117373 -0.02 -1.32 0.24 79.0 东
11:34:12: 588 117573 -0.89 -0.6 -0.28 47.0 东北
11:34:12: 589 117773 -1.08 -0.72 -0.06 19.0 北
11:34:12: 590 117973 -1.01 0.26 0.06 186.0 南
11:34:13: 591 118173 -0.51 -0.99 0.07 130.0 东南
11:34:13: 592 118374 -0.86 -1.07 0.58 128.0 东南
11:34:13: 593 118575 -1.18 -0.25 -0.51 20.0 北
11:34:13: 594 118773 -1.51 -2.54 0.04 4.0 北
11:34:13: 595 118973 -1.53 0.12 0.07 211.0 西南
11:34:14: 596 119173 -0.94 -1.52 -0.1 37.0 东北
11:34:14: 597 119373 -0.49 0.18 0.18 78.0 东
11:34:14: 598 119574 -1.11 -0.13 -0.45 39.0 东北
11:34:14: 599 119773 -0.84 -1.75 -0.13 33.0 东北
11:34:14: 600 119973 -0.13 -0.01 0.47 71.0 东
11:34:15: 601 120173 0.16 -1.47 0.22 55.0 东北
11:34:15: 602 120373 -0.81 1.19 0.32 170.0 南
11:34:15: 603 120574 -0.56 -0.75 -0.38 49.0 东北
11:34:15: 604 120773 -1.05 -1.94 -0.4 37.0 东北
11:34:15: 605 120973 -1.5 0.27 0.43 89.0 东
11:34:16: 606 121173 -0.11 -1.25 0.54 72.0 东
11:34:16: 607 121373 -0.68 0.61 -0.16 117.0 东南
11:34:16: 608 121573 -1.2 -0.33 -0.26 52.0 东北
11:34:16: 609 121773 -0.37 -1.66 -0.01 42.0 东北
11:34:16: 610 121973 0.21 -3.26 0.53 60.0 东北
11:34:17: 611 122174 1.15 -1.6 0.55 80.0 东
11:34:17: 612 122376 -0.41 0.4 -0.2 86.0 东
11:34:17: 613 122574 -1.44 -2.58 0.04 80.0 东
11:34:17: 614 122773 -0.5 -0.36 0.0 109.0 东
11:34:17: 615 122973 1.38 -2.31 -0.15 102.0 东
11:34:18: 616 123173 -0.77 -0.4 0.3 117.0 东南
11:34:18: 617 123373 0.73 0.02 -0.33 112.0 东
11:34:18: 618 123574 1.47 -2.83 0.02 98.0 东
11:34:18: 619 123773 0.45 -0.05 0.47 122.0 东南
11:34:18: 620 123974 -2.08 -4.32 -0.26 107.0 东
11:34:19: 621 124173 -1.12 0.65 -0.47 131.0 东南
11:34:19: 622 124373 -0.93 -0.03 -0.27 119.0 东南
11:34:19: 623 124573 0.06 -1.46 0.49 113.0 东南
11:34:19: 624 124773 0.94 -1.3 0.56 117.0 东南
11:34:19: 625 124974 0.4 -2.35 0.38 112.0 东
11:34:20: 626 125173 -0.69 0.09 -0.26 126.0 东南
11:34:20: 627 125373 -0.57 -1.43 0.11 100.0 东
11:34:20: 628 125573 -1.17 -0.49 0.23 121.0 东南
11:34:20: 629 125773 1.52 -1.23 0.4 112.0 东
11:34:20: 630 125973 1.4 -0.55 0.22 123.0 东南
11:34:21: 631 126173 0.09 -1.04 -0.08 117.0 东南
11:34:21: 632 126373 0.39 -2.59 -0.58 92.0 东
11:34:21: 633 126574 0.39 -0.36 0.02 114.0 东南
11:34:21: 634 126773 -0.87 -3.37 0.25 103.0 东
11:34:21: 635 126973 -0.25 1.05 -0.51 128.0 东南
11:34:22: 636 127173 -0.44 -0.53 0.0 107.0 东
11:34:22: 637 127373 -0.18 -1.36 0.05 101.0 东
11:34:22: 638 127573 -1.01 -0.26 -0.14 119.0 东南
11:34:22: 639 127773 0.68 -1.45 0.11 113.0 东南
11:34:22: 640 127973 -1.68 0.73 -0.18 140.0 东南
11:34:23: 641 128173 -1.05 -0.19 -0.77 104.0 东
11:34:23: 642 128373 -0.85 -2.05 0.19 91.0 东
11:34:23: 643 128573 0.26 -0.53 -0.25 112.0 东
11:34:23: 644 128774 1.69 -2.8 0.38 106.0 东
11:34:23: 645 128973 -0.66 1.1 -0.36 132.0 东南
11:34:24: 646 129173 -1.82 -0.31 -0.02 112.0 东
11:34:24: 647 129374 -0.17 -0.76 0.59 111.0 东
11:34:24: 648 129573 -0.2 0.71 0.28 126.0 东南
11:34:24: 649 129774 2.69 -1.74 -0.04 117.0 东南
11:34:24: 650 129973 -0.64 0.12 -0.04 124.0 东南
11:34:25: 651 130173 1.09 -1.36 -0.49 94.0 东
11:34:25: 652 130373 -1.68 -0.69 -0.15 107.0 东
11:34:25: 653 130573 1.34 -1.08 0.37 97.0 东
11:34:25: 654 130773 0.74 -1.58 0.16 95.0 东
11:34:25: 655 130973 -2.69 -0.03 -0.36 97.0 东
11:34:26: 656 131173 -0.28 -0.5 -0.84 86.0 东
11:34:26: 657 131373 -0.98 1.04 0.48 150.0 东南
11:34:26: 658 131573 1.57 -0.64 0.47 123.0 东南
11:34:26: 659 131773 -1.89 -1.2 0.6 134.0 东南
11:34:26: 660 131973 1.04 0.37 -0.98 122.0 东南
11:34:27: 661 132173 -0.95 -0.8 -0.05 129.0 东南
11:34:27: 662 132373 -0.82 0.12 0.27 150.0 东南
11:34:27: 663 132573 0.04 -0.44 0.02 126.0 东南
11:34:27: 664 132773 0.33 -1.9 -0.24 110.0 东
11:34:27: 665 132973 -0.8 0.45 0.06 121.0 东南
11:34:28: 666 133173 1.49 0.19 -0.22 117.0 东南
11:34:28: 667 133373 0.07 0.38 0.16 135.0 东南
11:34:28: 668 133573 0.51 -0.79 0.04 127.0 东南
11:34:28: 669 133773 -0.68 -0.83 0.15 127.0 东南
11:34:28: 670 133973 0.21 0.62 0.05 124.0 东南
11:34:29: 671 134173 0.19 -1.11 -0.15 106.0 东
11:34:29: 672 134373 -0.07 0.44 -0.16 132.0 东南
11:34:29: 673 134574 2.17 -1.01 -0.29 106.0 东
11:34:29: 674 134773 -1.07 -0.76 0.19 120.0 东南
11:34:29: 675 134973 -0.9 -0.2 -0.3 104.0 东
11:34:30: 676 135173 1.4 -1.65 -0.14 78.0 东
11:34:30: 677 135373 -0.12 0.51 0.18 119.0 东南
11:34:30: 678 135573 -0.56 -1.25 -0.13 109.0 东
11:34:30: 679 135773 -1.15 -0.41 0.22 118.0 东南
11:34:30: 680 135973 0.13 0.5 -0.03 111.0 东
11:34:31: 681 136173 -0.27 -1.0 0.78 109.0 东
11:34:31: 682 136373 0.18 0.68 0.37 144.0 东南
11:34:31: 683 136574 -0.48 -0.85 -0.45 122.0 东南
11:34:31: 684 136773 -1.66 -0.6 -0.09 114.0 东南
11:34:31: 685 136973 0.48 -0.51 -0.23 90.0 东
11:34:32: 686 137173 0.62 -1.38 0.03 76.0 东
11:34:32: 687 137373 0.41 0.74 0.65 124.0 东南
11:34:32: 688 137574 0.8 -1.17 0.03 97.0 东
11:34:32: 689 137773 -0.62 0.56 0.05 128.0 东南
11:34:32: 690 137973 0.28 0.15 -0.63 94.0 东
11:34:33: 691 138174 0.38 -2.04 0.0 75.0 东
11:34:33: 692 138373 -1.01 -0.09 0.78 115.0 东南
11:34:33: 693 138573 0.31 -2.38 -0.06 89.0 东
11:34:33: 694 138773 -0.86 0.81 -0.2 110.0 东
11:34:33: 695 138974 0.76 -0.43 -0.25 82.0 东
11:34:34: 696 139173 -0.31 -1.95 -0.43 73.0 东
11:34:34: 697 139373 0.43 0.47 0.08 99.0 东
11:34:34: 698 139573 1.87 -1.61 0.23 91.0 东
11:34:34: 699 139773 -0.42 0.82 -0.2 111.0 东
11:34:34: 700 139974 -0.79 0.18 -0.4 93.0 东
11:34:35: 701 140179 3.87 -5.77 0.07 79.0 东
11:34:35: 702 140373 -0.31 -1.16 1.23 118.0 东南
11:34:35: 703 140573 -0.04 -0.16 -1.27 104.0 东
11:34:35: 704 140773 1.63 -0.58 0.21 101.0 东
11:34:35: 705 140979 -0.03 -0.29 0.63 103.0 东
11:34:36: 706 141174 1.01 -0.11 0.17 111.0 东
11:34:36: 707 141373 -0.85 -1.1 0.76 112.0 东
11:34:36: 708 141573 -0.69 -0.68 0.35 128.0 东南
11:34:36: 709 141773 -0.41 -0.48 0.34 125.0 东南
11:34:36: 710 141974 -0.61 -0.63 -0.05 119.0 东南
11:34:37: 711 142173 0.86 -1.22 -0.32 112.0 东
11:34:37: 712 142373 0.53 0.44 -0.09 118.0 东南
11:34:37: 713 142573 0.8 0.73 0.84 124.0 东南
11:34:37: 714 142774 0.52 0.4 0.52 123.0 东南
11:34:37: 715 142973 -0.41 -1.9 0.16 120.0 东南
11:34:38: 716 143173 -0.11 0.44 0.02 138.0 东南
11:34:38: 717 143373 0.39 -0.76 0.06 129.0 东南
11:34:38: 718 143573 2.31 -1.27 -0.3 119.0 东南
11:34:38: 719 143773 -0.31 0.03 -0.35 123.0 东南
11:34:38: 720 143973 1.2 -3.77 -0.72 100.0 东
11:34:39: 721 144173 -0.58 -0.65 0.01 100.0 东
11:34:39: 722 144373 1.03 -1.35 -0.15 104.0 东
11:34:39: 723 144573 2.42 -1.34 -0.15 99.0 东
11:34:39: 724 144774 0.38 -0.15 -0.38 96.0 东
11:34:39: 725 144973 0.51 -2.35 -0.3 72.0 东
11:34:40: 726 145173 -0.01 -0.55 -0.62 75.0 东
11:34:40: 727 145373 2.43 -1.53 0.27 87.0 东
11:34:40: 728 145573 1.85 -1.18 0.15 92.0 东
11:34:40: 729 145773 -0.52 -0.34 -0.31 84.0 东
11:34:40: 730 145973 -1.05 -2.22 -0.42 72.0 东
11:34:41: 731 146174 -0.13 0.23 0.08 89.0 东
11:34:41: 732 146373 1.05 -2.37 0.41 84.0 东
11:34:41: 733 146574 -1.12 -0.37 0.22 88.0 东
11:34:41: 734 146774 1.17 -0.11 -0.64 77.0 东
11:34:41: 735 146973 -0.43 -2.08 -0.14 66.0 东北
11:34:42: 736 147173 0.94 0.43 -0.15 85.0 东
11:34:42: 737 147373 3.57 -4.06 0.28 94.0 东
11:34:42: 738 147585 -0.09 -0.05 0.37 95.0 东
11:34:42: 739 147773 1.47 0.64 -0.57 84.0 东
11:34:42: 740 147973 2.07 -1.45 -0.09 83.0 东
11:34:43: 741 148173 -1.26 -0.28 -0.23 101.0 东
11:34:43: 742 148373 2.55 -1.05 -0.64 94.0 东
11:34:43: 743 148575 -2.22 -0.52 0.48 95.0 东
11:34:43: 744 148773 0.88 1.22 -0.72 85.0 东
11:34:43: 745 148973 -0.09 -2.15 0.07 71.0 东
11:34:44: 746 149174 -0.16 0.95 1.31 106.0 东
11:34:44: 747 149373 4.23 -2.23 -0.31 88.0 东
11:34:44: 748 149574 -0.84 0.68 -0.4 87.0 东
11:34:44: 749 149773 0.54 -0.33 -0.71 64.0 东北
11:34:44: 750 149973 -0.7 -0.92 0.17 54.0 东北
11:34:45: 751 150174 2.31 -0.14 0.14 64.0 东北
11:34:45: 752 150374 0.05 -2.67 0.47 66.0 东北
11:34:45: 753 150592 -0.68 0.1 -0.16 68.0 东
11:34:45: 754 150773 1.98 -0.29 0.17 69.0 东
11:34:45: 755 150973 -0.24 -0.32 0.49 82.0 东
11:34:46: 756 151173 0.45 -0.93 -0.4 70.0 东
11:34:46: 757 151374 1.18 -0.66 0.05 83.0 东
11:34:46: 758 151573 0.03 0.37 -0.54 70.0 东
11:34:46: 759 151774 -0.6 -2.1 -0.09 58.0 东北
11:34:46: 760 151973 1.16 0.35 0.64 78.0 东
11:34:47: 761 152173 1.36 -1.13 0.31 71.0 东
11:34:47: 762 152373 0.11 0.57 0.0 84.0 东
11:34:47: 763 152573 0.96 0.16 -0.46 63.0 东北
11:34:47: 764 152773 -0.41 -2.29 -0.36 59.0 东北
11:34:47: 765 152973 1.03 0.54 0.24 74.0 东
11:34:48: 766 153173 2.42 -2.8 0.56 74.0 东
11:34:48: 767 153373 0.16 0.53 -0.5 74.0 东
11:34:48: 768 153580 -2.77 0.29 -0.58 52.0 东北
11:34:48: 769 153773 -1.05 -0.83 0.07 55.0 东北
11:34:48: 770 153973 -1.45 0.36 0.13 69.0 东
11:34:49: 771 154173 -1.08 -2.88 0.41 74.0 东
11:34:49: 772 154373 0.08 0.66 -0.22 67.0 东北
11:34:49: 773 154580 -2.55 -1.34 0.2 51.0 东北
11:34:49: 774 154773 -1.14 -0.95 0.2 59.0 东北
11:34:49: 775 154973 1.23 -1.98 0.43 64.0 东北
11:34:50: 776 155173 1.13 -0.55 0.06 76.0 东
11:34:50: 777 155374 0.74 0.46 -0.22 88.0 东
11:34:50: 778 155574 -0.69 -1.78 -0.26 103.0 东
11:34:50: 779 155773 0.09 0.16 0.4 123.0 东南
11:34:50: 780 155973 1.37 -2.05 0.28 127.0 东南
11:34:51: 781 156173 -0.79 0.01 -0.32 132.0 东南
11:34:51: 782 156373 1.24 -0.11 -0.74 123.0 东南
11:34:51: 783 156573 0.16 -1.89 0.26 110.0 东
11:34:51: 784 156773 1.16 -0.3 0.26 114.0 东南
11:34:51: 785 156973 2.57 -2.59 -0.19 111.0 东
11:34:52: 786 157173 -0.57 1.23 -0.48 125.0 东南
11:34:52: 787 157373 -1.84 0.98 -0.53 72.0 东
11:34:52: 788 157573 -2.7 -1.05 0.39 39.0 东北
11:34:52: 789 157773 0.73 1.09 0.11 68.0 东
11:34:52: 790 157973 3.06 -3.44 0.48 89.0 东
11:34:53: 791 158174 -0.86 1.22 -0.86 93.0 东
11:34:53: 792 158373 0.87 1.3 0.54 76.0 东
11:34:53: 793 158574 -0.3 -0.18 0.42 93.0 东
11:34:53: 794 158774 2.79 -0.21 0.58 98.0 东
11:34:53: 795 158973 3.48 -1.71 0.58 111.0 东
11:34:54: 796 159173 0.16 1.13 0.17 112.0 东
11:34:54: 797 159373 2.5 -1.24 -0.25 87.0 东
11:34:54: 798 159573 -1.18 -0.17 -0.46 119.0 东南
11:34:54: 799 159774 1.99 -1.16 -0.06 105.0 东
11:34:54: 800 159973 2.55 -0.66 0.77 112.0 东
11:34:55: 801 160173 -0.65 0.71 -0.69 107.0 东
11:34:55: 802 160373 0.37 -1.5 -0.61 74.0 东
11:34:55: 803 160574 0.03 0.02 -0.49 77.0 东
11:34:55: 804 160773 0.89 0.16 -0.1 79.0 东
11:34:55: 805 160973 1.04 -1.79 0.83 87.0 东
11:34:56: 806 161173 -1.08 0.34 -0.05 82.0 东
11:34:56: 807 161373 0.34 -2.6 0.43 82.0 东
11:34:56: 808 161574 0.45 -0.42 0.94 116.0 东南
11:34:56: 809 161773 -0.51 -1.97 0.47 124.0 东南
11:34:56: 810 161973 0.83 -0.18 0.37 125.0 东南
11:34:57: 811 162173 0.38 0.83 -0.37 121.0 东南
11:34:57: 812 162374 1.51 -3.53 0.09 109.0 东
11:34:57: 813 162573 -0.7 -0.13 0.11 162.0 南
11:34:57: 814 162773 0.21 -0.76 -0.96 127.0 东南
11:34:57: 815 162974 -0.97 0.36 0.36 139.0 东南
11:34:58: 816 163174 1.99 0.44 -0.49 107.0 东
11:34:58: 817 163373 -0.57 -1.91 0.02 103.0 东
11:34:58: 818 163573 -0.94 1.37 0.28 136.0 东南
11:34:58: 819 163773 0.94 -1.68 -0.51 91.0 东
11:34:58: 820 163973 -1.35 1.22 -1.34 86.0 东
11:34:59: 821 164173 1.33 1.54 0.5 85.0 东
11:34:59: 822 164374 -0.4 -3.56 1.2 86.0 东
11:34:59: 823 164573 -0.27 -0.16 0.98 127.0 东南
11:34:59: 824 164773 2.6 -2.71 0.57 111.0 东
11:34:59: 825 164973 -0.61 0.61 0.26 137.0 东南
11:35:00: 826 165173 1.55 -0.73 -0.19 121.0 东南
11:35:00: 827 165374 0.78 -2.64 -0.03 100.0 东
11:35:00: 828 165574 0.91 0.07 0.17 120.0 东南
11:35:00: 829 165773 2.94 -1.36 0.25 115.0 东南
11:35:00: 830 165973 0.58 0.0 -0.37 117.0 东南
11:35:01: 831 166173 0.41 0.94 -0.07 126.0 东南
11:35:01: 832 166373 -0.89 -1.43 -0.46 127.0 东南
11:35:01: 833 166573 0.69 0.06 0.46 131.0 东南
11:35:01: 834 166774 3.05 -1.85 -0.05 267.0 西
11:35:01: 835 166973 -0.95 0.81 -1.04 323.0 西北
11:35:02: 836 167173 -0.73 1.17 -0.83 305.0 西北
11:35:02: 837 167373 -0.9 -0.64 -0.36 293.0 西北
11:35:02: 838 167574 0.73 0.29 0.52 296.0 西北
11:35:02: 839 167773 -0.7 -3.46 0.22 251.0 西
11:35:02: 840 167974 0.79 0.96 -0.93 304.0 西北
11:35:03: 841 168174 0.68 0.29 0.06 298.0 西北
11:35:03: 842 168373 1.74 -2.31 0.34 268.0 西
11:35:03: 843 168574 0.01 0.3 -0.29 298.0 西北
11:35:03: 844 168773 0.69 -3.44 -0.95 261.0 西
11:35:03: 845 168973 -0.42 0.71 -1.4 329.0 西北
11:35:04: 846 169173 -0.73 0.56 -1.11 318.0 西北
11:35:04: 847 169373 -0.95 -1.63 -0.65 312.0 西北
11:35:04: 848 169573 0.08 0.85 0.41 328.0 西北
11:35:04: 849 169773 0.98 -1.87 0.57 298.0 西北
11:35:04: 850 169973 -1.7 -0.3 -0.04 2.0 北
11:35:05: 851 170174 -0.03 -0.14 -0.5 319.0 西北
11:35:05: 852 170373 -0.34 -2.1 0.59 266.0 西
11:35:05: 853 170574 2.09 -0.71 0.83 292.0 西
11:35:05: 854 170774 0.98 -2.76 0.7 268.0 西
11:35:05: 855 170973 0.08 1.15 -0.19 324.0 西北
11:35:06: 856 171173 2.18 -1.75 0.7 286.0 西
11:35:06: 857 171373 0.34 -0.12 0.83 289.0 西
11:35:06: 858 171574 1.66 -0.68 0.59 286.0 西
11:35:06: 859 171773 0.01 -1.04 -0.78 274.0 西
11:35:06: 860 171973 -0.31 0.11 0.02 305.0 西北
11:35:07: 861 172173 0.96 -2.26 0.28 260.0 西
11:35:07: 862 172373 1.16 -0.34 0.41 284.0 西
11:35:07: 863 172573 0.12 -1.99 0.31 271.0 西
11:35:07: 864 172774 -0.16 0.73 -0.54 317.0 西北
11:35:07: 865 172974 0.15 0.33 -0.01 294.0 西北
11:35:08: 866 173173 -0.61 -1.26 -0.01 260.0 西
11:35:08: 867 173373 1.8 1.34 0.51 293.0 西北
11:35:08: 868 173574 0.24 -2.47 -0.31 253.0 西
11:35:08: 869 173773 0.46 1.0 -0.07 301.0 西北
11:35:08: 870 173973 0.97 -0.88 0.28 278.0 西
11:35:09: 871 174173 -0.48 0.09 0.1 299.0 西北
11:35:09: 872 174373 0.55 0.77 0.24 290.0 西
11:35:09: 873 174573 1.14 -1.68 0.36 256.0 西
11:35:09: 874 174773 1.38 -0.29 -0.02 280.0 西
11:35:09: 875 174973 1.53 -2.35 -0.22 265.0 西
11:35:10: 876 175173 -0.75 -1.19 0.15 248.0 西
11:35:10: 877 175373 2.01 -0.16 -0.03 281.0 西
11:35:10: 878 175573 1.06 -1.57 0.5 258.0 西
11:35:10: 879 175773 0.96 0.96 -0.06 292.0 西
11:35:10: 880 175973 1.76 -2.05 0.01 267.0 西
11:35:11: 881 176174 -0.63 -0.2 0.15 280.0 西
11:35:11: 882 176373 2.13 -0.25 0.43 275.0 西
11:35:11: 883 176573 2.43 -0.65 0.45 267.0 西
11:35:11: 884 176774 -0.06 -0.25 -0.05 277.0 西
11:35:11: 885 176973 -0.49 -2.62 -0.77 246.0 西南
11:35:12: 886 177173 1.66 0.98 0.15 288.0 西
11:35:12: 887 177373 0.52 -1.66 -0.03 264.0 西
11:35:12: 888 177573 -0.24 -0.05 -0.21 279.0 西
11:35:12: 889 177773 0.68 0.52 -0.18 285.0 西
11:35:12: 890 177973 -0.27 -1.81 0.07 253.0 西
11:35:13: 891 178173 0.2 0.66 0.59 290.0 西
11:35:13: 892 178373 1.32 -1.28 -0.01 264.0 西
11:35:13: 893 178574 -0.83 -0.4 0.28 270.0 西
11:35:13: 894 178775 1.35 1.15 -0.28 289.0 西
11:35:13: 895 178975 -0.29 -2.05 -0.15 246.0 西南
11:35:14: 896 179173 0.77 0.42 0.55 280.0 西
11:35:14: 897 179373 -0.11 -2.4 0.33 253.0 西
11:35:14: 898 179573 -0.57 0.33 0.01 298.0 西北
11:35:14: 899 179773 1.07 -0.04 -0.13 280.0 西
11:35:14: 900 179973 -0.96 -1.86 -0.33 245.0 西南
11:35:15: 901 180173 -0.03 0.22 0.28 281.0 西
11:35:15: 902 180373 0.71 -0.46 0.17 272.0 西
11:35:15: 903 180573 -2.08 -0.18 -0.13 302.0 西北
11:35:15: 904 180773 0.49 0.64 -0.49 289.0 西
11:35:15: 905 180973 -0.11 -1.51 -0.19 252.0 西
11:35:16: 906 181173 0.78 0.33 0.33 282.0 西
11:35:16: 907 181373 1.94 -2.29 0.5 257.0 西
11:35:16: 908 181573 0.11 0.49 -0.37 290.0 西
11:35:16: 909 181773 1.58 -0.47 -0.71 275.0 西
11:35:16: 910 181973 1.98 -1.78 -0.09 260.0 西
11:35:17: 911 182173 -1.29 -0.09 -0.62 288.0 西
11:35:17: 912 182374 2.21 -2.93 -0.33 259.0 西
11:35:17: 913 182573 0.36 0.39 0.33 290.0 西
11:35:17: 914 182773 -1.22 0.03 -0.83 299.0 西北
11:35:17: 915 182973 -1.21 -1.09 0.6 250.0 西
11:35:18: 916 183173 -0.83 -0.01 1.05 288.0 西
11:35:18: 917 183373 -0.29 -3.03 0.95 238.0 西南
11:35:18: 918 183574 -2.98 0.94 0.66 29.0 东北
11:35:18: 919 183773 1.59 1.55 0.61 285.0 西
11:35:18: 920 183973 1.11 -2.94 0.52 237.0 西南
11:35:19: 921 184173 -0.73 0.0 -0.76 260.0 西
11:35:19: 922 184373 1.27 -2.7 -0.5 249.0 西
11:35:19: 923 184573 -0.15 1.12 -0.62 318.0 西北
11:35:19: 924 184773 0.97 -0.83 -0.79 274.0 西
11:35:19: 925 184973 1.05 -1.24 -0.06 264.0 西
11:35:20: 926 185173 0.51 -0.78 0.12 269.0 西
11:35:20: 927 185373 3.96 -1.88 -0.05 264.0 西
11:35:20: 928 185573 0.96 0.96 -0.26 291.0 西
11:35:20: 929 185773 -0.28 -0.56 -0.05 283.0 西
11:35:20: 930 185974 -0.29 0.46 0.21 300.0 西北
11:35:21: 931 186174 0.5 -1.45 0.16 266.0 西
11:35:21: 932 186373 1.7 -0.23 -0.33 273.0 西
11:35:21: 933 186573 1.14 -0.09 -0.74 280.0 西
11:35:21: 934 186773 1.19 -0.43 -0.23 275.0 西
11:35:21: 935 186973 2.04 -0.69 0.5 276.0 西
11:35:22: 936 187173 -0.11 -1.39 0.5 269.0 西
11:35:22: 937 187373 1.02 0.96 0.09 297.0 西北
11:35:22: 938 187573 -1.61 -0.68 -0.15 291.0 西
11:35:22: 939 187773 0.02 -0.27 -0.23 281.0 西
11:35:22: 940 187973 2.1 -0.55 0.45 280.0 西
11:35:23: 941 188173 2.6 -1.24 0.62 265.0 西
11:35:23: 942 188374 -0.2 1.1 -0.23 299.0 西北
11:35:23: 943 188573 -0.73 -1.88 -0.24 256.0 西
11:35:23: 944 188773 0.51 0.88 0.06 296.0 西北
11:35:23: 945 188974 1.33 -1.02 0.31 270.0 西
11:35:24: 946 189173 -0.03 0.59 0.69 295.0 西北
11:35:24: 947 189373 1.39 1.49 -0.46 289.0 西
11:35:24: 948 189573 0.65 -1.72 -0.21 253.0 西
11:35:24: 949 189773 0.91 0.61 0.07 284.0 西
11:35:24: 950 189974 2.54 0.34 0.0 276.0 西
11:35:25: 951 190173 -0.95 1.65 0.09 21.0 北
11:35:25: 952 190374 0.82 0.41 -0.82 282.0 西
11:35:25: 953 190573 -2.18 -1.62 0.1 213.0 西南
11:35:25: 954 190773 0.84 0.74 0.27 288.0 西
11:35:25: 955 190973 1.98 -2.18 0.34 257.0 西
11:35:26: 956 191173 1.21 0.91 -0.32 290.0 西
11:35:26: 957 191373 0.47 0.16 -0.33 286.0 西
11:35:26: 958 191574 -0.5 -0.88 0.1 261.0 西
11:35:26: 959 191773 2.32 -0.91 0.06 273.0 西
11:35:26: 960 191973 1.75 -1.95 0.47 258.0 西
11:35:27: 961 192173 -0.18 0.4 -0.31 290.0 西
11:35:27: 962 192373 1.79 -0.93 -0.35 275.0 西
11:35:27: 963 192574 -1.79 -0.47 0.14 282.0 西
11:35:27: 964 192777 2.66 -0.51 0.09 277.0 西
11:35:27: 965 192973 1.51 -1.28 0.43 261.0 西
11:35:28: 966 193173 0.3 0.1 -0.49 286.0 西
11:35:28: 967 193373 1.38 -1.51 0.23 266.0 西
11:35:28: 968 193573 -0.58 0.13 0.26 287.0 西
11:35:28: 969 193774 0.52 -1.13 -0.18 270.0 西
11:35:28: 970 193973 0.14 -0.16 0.1 277.0 西
11:35:29: 971 194173 1.26 0.44 -0.15 284.0 西
11:35:29: 972 194373 -0.71 -1.04 -0.14 263.0 西
11:35:29: 973 194573 -0.74 0.88 0.59 307.0 西北
11:35:29: 974 194773 1.11 -0.85 0.18 269.0 西
11:35:29: 975 194973 -0.77 0.1 0.31 291.0 西
11:35:30: 976 195173 1.42 -0.17 -0.39 280.0 西
11:35:30: 977 195373 -0.15 -1.79 -0.14 252.0 西
11:35:30: 978 195573 0.48 0.2 0.49 280.0 西
11:35:30: 979 195774 0.52 -2.06 0.02 260.0 西
11:35:30: 980 195973 -0.65 1.14 -0.1 339.0 北
11:35:31: 981 196173 -0.23 -0.22 -0.56 284.0 西
11:35:31: 982 196373 0.39 -2.7 -0.07 254.0 西
11:35:31: 983 196573 0.39 0.15 0.37 282.0 西
11:35:31: 984 196773 1.56 -3.38 0.4 256.0 西
11:35:31: 985 196973 -0.44 0.94 0.11 322.0 西北
11:35:32: 986 197173 -0.28 -0.76 -0.11 279.0 西
11:35:32: 987 197373 -0.82 -0.95 0.09 263.0 西
11:35:32: 988 197573 0.93 1.53 0.06 297.0 西北
11:35:32: 989 197774 0.09 -2.02 0.61 243.0 西南
11:35:32: 990 197973 -0.26 1.32 -0.5 312.0 西北
11:35:33: 991 198173 -0.06 0.44 0.05 291.0 西
11:35:33: 992 198373 -0.31 -0.43 0.36 267.0 西
11:35:33: 993 198573 0.98 -0.39 0.02 274.0 西
11:35:33: 994 198773 1.69 -1.02 0.45 262.0 西
11:35:33: 995 198973 -0.19 -0.01 -0.58 281.0 西
11:35:34: 996 199173 1.06 -1.31 -0.29 271.0 西
11:35:34: 997 199373 -0.35 0.12 0.77 289.0 西
11:35:34: 998 199573 -0.4 -1.54 0.13 264.0 西
11:35:34: 999 199773 -0.26 -0.74 -0.45 265.0 西
11:35:34: 1000 199973 0.15 0.38 -0.19 286.0 西
11:35:35: 1001 200173 -1.56 -0.76 -0.08 262.0 西
11:35:35: 1002 200373 -0.06 0.5 0.25 290.0 西
11:35:35: 1003 200574 -0.04 -1.04 0.28 267.0 西
11:35:35: 1004 200773 -0.7 0.09 -0.41 284.0 西
11:35:35: 1005 200973 0.32 0.56 -0.49 286.0 西
11:35:36: 1006 201173 -1.21 -1.57 0.31 252.0 西
11:35:36: 1007 201373 0.36 0.49 0.13 285.0 西
11:35:36: 1008 201573 1.62 -1.1 0.38 266.0 西
11:35:36: 1009 201773 -1.29 0.54 -0.24 309.0 西北
11:35:36: 1010 201973 0.0 0.61 -0.34 288.0 西
11:35:37: 1011 202174 -0.04 -1.53 -0.34 259.0 西
11:35:37: 1012 202375 -0.62 0.46 0.11 289.0 西
11:35:37: 1013 202574 1.13 -0.95 -0.19 268.0 西
11:35:37: 1014 202773 -0.63 0.82 0.21 309.0 西北
11:35:37: 1015 202973 0.39 0.17 0.09 283.0 西
11:35:38: 1016 203186 0.86 -1.23 -0.14 263.0 西
11:35:38: 1017 203373 -0.33 0.4 0.44 285.0 西
11:35:38: 1018 203573 0.47 -1.07 -0.15 264.0 西
11:35:38: 1019 203774 0.11 1.09 0.18 303.0 西北
11:35:38: 1020 203973 -1.17 -0.38 -0.38 285.0 西
11:35:39: 1021 204173 0.04 -1.21 0.06 259.0 西
11:35:39: 1022 204373 0.85 0.38 0.78 282.0 西
11:35:39: 1023 204573 0.85 0.38 0.78 281.0 西
11:35:39: 1024 204879 0.41 0.25 -0.03 283.0 西
11:35:39: 1025 204973 0.51 -1.66 -0.71 268.0 西
11:35:40: 1026 205173 -0.18 -0.19 -0.02 277.0 西
11:35:40: 1027 205373 1.53 -1.08 0.27 270.0 西
11:35:40: 1028 205573 -1.9 -2.5 0.32 232.0 西南
11:35:40: 1029 205774 0.06 1.03 -0.37 295.0 西北
11:35:40: 1030 205974 0.59 -1.14 0.2 264.0 西
11:35:41: 1031 206173 -0.86 0.72 0.14 303.0 西北
11:35:41: 1032 206373 0.85 -1.08 -0.28 267.0 西
11:35:41: 1033 206574 0.26 0.94 0.23 297.0 西北
11:35:41: 1034 206773 2.4 0.47 -0.17 280.0 西
11:35:41: 1035 206973 1.12 -1.07 -0.17 266.0 西
11:35:42: 1036 207173 1.03 0.58 0.28 281.0 西
11:35:42: 1037 207373 0.7 -0.78 -0.01 266.0 西
11:35:42: 1038 207573 0.15 0.65 0.2 293.0 西北
11:35:42: 1039 207773 0.75 0.03 -1.04 284.0 西
11:35:42: 1040 207974 0.58 -1.16 -0.24 262.0 西
11:35:43: 1041 208173 0.01 0.44 0.24 289.0 西
11:35:43: 1042 208373 2.56 -0.43 0.24 271.0 西
11:35:43: 1043 208573 -0.48 0.66 -0.11 299.0 西北
11:35:43: 1044 208774 -0.38 -0.2 -0.46 288.0 西
11:35:43: 1045 208974 -0.08 -0.8 -0.13 266.0 西
11:35:44: 1046 209173 1.21 0.09 0.28 282.0 西
11:35:44: 1047 209374 2.75 -1.44 0.7 262.0 西
11:35:44: 1048 209573 0.28 0.83 -0.21 290.0 西
11:35:44: 1049 209774 1.71 -1.95 -0.25 266.0 西
11:35:44: 1050 209973 -0.88 0.13 0.16 292.0 西
11:35:45: 1051 210174 0.44 -1.7 0.12 267.0 西
11:35:45: 1052 210373 -0.47 -0.8 0.02 261.0 西
11:35:45: 1053 210573 0.63 -0.05 -0.12 283.0 西
11:35:45: 1054 210773 0.39 -1.5 0.35 263.0 西
11:35:45: 1055 210973 1.53 0.6 0.35 283.0 西
11:35:46: 1056 211173 -0.34 0.37 -0.63 286.0 西
11:35:46: 1057 211373 0.09 0.5 0.19 294.0 西北
11:35:46: 1058 211573 1.53 1.05 -0.79 288.0 西
11:35:46: 1059 211774 0.26 -1.1 -0.07 261.0 西
11:35:46: 1060 211973 1.19 0.12 0.41 278.0 西
11:35:47: 1061 212173 0.26 -2.76 0.24 249.0 西
11:35:47: 1062 212373 0.32 1.74 -0.4 319.0 西北
11:35:47: 1063 212573 -0.15 -0.17 -0.58 284.0 西
11:35:47: 1064 212773 0.31 -0.7 0.14 265.0 西
11:35:47: 1065 212974 0.21 -0.65 0.28 274.0 西
11:35:48: 1066 213173 1.31 -0.32 0.12 273.0 西
11:35:48: 1067 213373 -0.04 1.35 0.02 312.0 西北
11:35:48: 1068 213573 -0.03 0.22 0.16 286.0 西
11:35:48: 1069 213773 1.64 -0.83 0.39 267.0 西
11:35:48: 1070 213973 2.08 -0.02 0.36 276.0 西
11:35:49: 1071 214173 3.71 -1.92 0.11 262.0 西
11:35:49: 1072 214373 0.19 0.87 -0.58 296.0 西北
11:35:49: 1073 214573 1.6 -0.3 0.05 280.0 西
11:35:49: 1074 214773 -0.17 -0.43 -0.01 269.0 西
11:35:49: 1075 214973 1.69 -0.18 0.14 279.0 西
11:35:50: 1076 215173 1.39 -1.29 0.03 261.0 西
11:35:50: 1077 215373 0.11 0.51 0.2 291.0 西
11:35:50: 1078 215573 1.06 -1.41 0.12 266.0 西
11:35:50: 1079 215773 -1.02 0.2 0.53 297.0 西北
11:35:50: 1080 215973 2.38 -1.4 -0.09 268.0 西
11:35:51: 1081 216173 0.32 -0.83 0.18 263.0 西
11:35:51: 1082 216373 0.5 0.33 -0.41 285.0 西
11:35:51: 1083 216574 -0.22 -1.34 0.16 259.0 西
11:35:51: 1084 216774 0.29 0.09 0.19 278.0 西
11:35:51: 1085 216973 -0.6 -1.71 -0.04 261.0 西
11:35:52: 1086 217174 -0.44 0.49 -0.63 308.0 西北
11:35:52: 1087 217373 0.53 0.31 -0.19 284.0 西
11:35:52: 1088 217573 1.59 -2.74 0.32 253.0 西
11:35:52: 1089 217773 0.12 0.66 0.22 284.0 西
11:35:52: 1090 217973 -0.16 -2.75 0.21 251.0 西
11:35:53: 1091 218173 -0.65 0.81 -0.34 322.0 西北
11:35:53: 1092 218373 0.61 -0.54 -0.3 277.0 西
11:35:53: 1093 218573 -0.44 -1.84 0.03 254.0 西
11:35:53: 1094 218773 0.26 -0.23 0.06 276.0 西
11:35:53: 1095 218973 -1.86 -3.68 0.07 238.0 西南
11:35:54: 1096 219173 -0.1 0.91 -0.18 313.0 西北
11:35:54: 1097 219373 0.35 -0.42 0.04 277.0 西
11:35:54: 1098 219573 0.04 -1.5 0.14 251.0 西
11:35:54: 1099 219774 -0.83 -0.82 0.14 267.0 西
11:35:54: 1100 219973 0.74 -1.42 -0.38 261.0 西
11:35:55: 1101 220174 -0.65 0.34 -0.13 297.0 西北
11:35:55: 1102 220373 0.12 -0.65 -0.3 279.0 西
11:35:55: 1103 220574 -1.24 -0.95 0.03 259.0 西
11:35:55: 1104 220773 1.38 0.18 0.48 282.0 西
11:35:55: 1105 220973 1.98 -1.47 0.12 261.0 西
11:35:56: 1106 221173 0.08 1.04 -0.03 301.0 西北
11:35:56: 1107 221373 -0.65 -0.34 -0.66 284.0 西
11:35:56: 1108 221573 -0.14 -0.67 0.0 269.0 西
11:35:56: 1109 221773 0.18 -0.31 0.78 277.0 西
11:35:56: 1110 221973 3.26 -2.06 -0.1 261.0 西
11:35:57: 1111 222173 0.58 1.37 0.03 302.0 西北
11:35:57: 1112 222373 0.62 -0.68 -0.27 276.0 西
11:35:57: 1113 222573 0.15 -1.37 -0.27 256.0 西
11:35:57: 1114 222773 3.38 -0.68 0.4 274.0 西
11:35:57: 1115 222974 2.04 -2.8 -0.09 251.0 西
11:35:58: 1116 223173 -0.1 0.25 -0.27 289.0 西
11:35:58: 1117 223373 1.65 -1.54 -0.22 269.0 西
11:35:58: 1118 223574 0.31 -0.09 -0.05 277.0 西
11:35:58: 1119 223774 0.92 -1.06 -0.02 271.0 西
11:35:58: 1120 223973 1.42 -2.63 0.01 252.0 西
11:35:59: 1121 224173 0.68 -0.05 -0.16 284.0 西
11:35:59: 1122 224373 3.23 -1.88 -0.22 270.0 西
11:35:59: 1123 224573 0.15 0.18 0.1 294.0 西北
11:35:59: 1124 224774 2.16 -1.1 -0.25 272.0 西
11:35:59: 1125 224973 1.75 -1.82 0.17 257.0 西
11:36:00: 1126 225173 -0.14 -0.68 -0.15 276.0 西
11:36:00: 1127 225373 1.89 -0.77 -0.26 276.0 西
11:36:00: 1128 225574 -0.52 -0.05 0.45 285.0 西
11:36:00: 1129 225773 1.68 -0.58 -0.23 273.0 西
11:36:00: 1130 225973 2.25 -1.3 0.5 263.0 西
11:36:01: 1131 226173 -0.62 -0.1 -0.03 283.0 西
11:36:01: 1132 226373 2.12 -1.03 -0.31 274.0 西
11:36:01: 1133 226573 -0.26 -0.05 0.21 281.0 西
11:36:01: 1134 226773 0.97 -0.82 0.0 272.0 西
11:36:01: 1135 226974 1.23 -2.02 0.06 256.0 西
11:36:02: 1136 227174 0.66 0.21 -0.07 283.0 西
11:36:02: 1137 227373 1.66 -0.63 -0.19 277.0 西
11:36:02: 1138 227573 0.71 -0.54 0.24 270.0 西
11:36:02: 1139 227773 1.54 -1.25 0.09 268.0 西
11:36:02: 1140 227973 1.1 -2.69 0.08 249.0 西
11:36:03: 1141 228173 -0.02 -0.16 -0.5 282.0 西
11:36:03: 1142 228373 1.1 -2.06 -0.24 267.0 西
11:36:03: 1143 228573 -1.95 -0.95 0.33 255.0 西
11:36:03: 1144 228774 0.92 -0.65 0.22 277.0 西
11:36:03: 1145 228974 1.51 -2.05 0.01 258.0 西
11:36:04: 1146 229173 0.04 0.27 -0.3 286.0 西
11:36:04: 1147 229373 2.84 -1.72 0.03 269.0 西
11:36:04: 1148 229573 0.2 -0.13 0.22 278.0 西
11:36:04: 1149 229773 1.98 -0.75 -0.23 273.0 西
11:36:04: 1150 229973 0.02 -2.37 0.11 245.0 西南
11:36:05: 1151 230173 -0.46 -0.3 -0.46 285.0 西
11:36:05: 1152 230374 1.75 -1.42 0.2 273.0 西
11:36:05: 1153 230573 -0.89 -0.78 0.27 271.0 西
11:36:05: 1154 230774 1.75 -1.86 0.37 266.0 西
11:36:05: 1155 230973 0.76 -1.94 -0.06 258.0 西
11:36:06: 1156 231173 0.34 -0.64 -0.15 276.0 西
11:36:06: 1157 231373 1.82 -0.3 0.03 279.0 西
11:36:06: 1158 231573 -0.82 -0.62 0.49 266.0 西
11:36:06: 1159 231773 0.52 -0.71 -0.14 273.0 西
11:36:06: 1160 231973 -0.52 -2.12 -0.17 247.0 西南
11:36:07: 1161 232173 -0.48 -0.39 -0.17 281.0 西
11:36:07: 1162 232373 1.93 0.07 0.22 282.0 西
11:36:07: 1163 232573 -0.73 0.12 0.42 291.0 西
11:36:07: 1164 232773 0.42 -0.76 -0.17 272.0 西
11:36:07: 1165 232974 0.7 -1.41 0.05 259.0 西
11:36:08: 1166 233173 -0.17 -0.26 -0.05 281.0 西
11:36:08: 1167 233373 0.73 -2.24 -0.05 263.0 西
11:36:08: 1168 233573 -1.11 -0.05 0.34 289.0 西
11:36:08: 1169 233773 1.51 -1.25 0.09 271.0 西
11:36:08: 1170 233973 0.98 -0.66 0.13 267.0 西
11:36:09: 1171 234174 -0.6 -0.4 -0.08 281.0 西
11:36:09: 1172 234375 0.66 -0.88 -0.24 273.0 西
11:36:09: 1173 234574 -0.93 -0.26 0.83 279.0 西
11:36:09: 1174 234773 1.1 -2.13 -0.36 266.0 西
11:36:09: 1175 234973 -0.25 -0.83 -0.12 262.0 西
11:36:10: 1176 235173 0.98 -0.84 -0.68 275.0 西
11:36:10: 1177 235373 0.34 -1.53 0.34 262.0 西
11:36:10: 1178 235574 -0.01 0.37 0.54 291.0 西
11:36:10: 1179 235773 0.11 -1.95 0.2 260.0 西
11:36:10: 1180 235973 0.37 -0.36 -0.57 274.0 西
11:36:11: 1181 236174 1.37 -0.32 -0.27 280.0 西
11:36:11: 1182 236373 0.21 -2.9 0.07 248.0 西
11:36:11: 1183 236574 1.03 0.13 0.37 280.0 西
11:36:11: 1184 236773 -1.04 -4.79 0.52 241.0 西南
11:36:11: 1185 236973 0.09 0.59 -0.71 308.0 西北
11:36:12: 1186 237173 1.66 0.73 -0.02 284.0 西
11:36:12: 1187 237374 1.7 -2.0 -0.02 256.0 西
11:36:12: 1188 237575 0.11 -0.4 0.12 275.0 西
11:36:12: 1189 237773 -0.06 -2.1 0.22 250.0 西
11:36:12: 1190 237982 -0.32 0.99 -0.4 310.0 西北
11:36:13: 1191 238173 -0.35 -1.48 -0.4 273.0 西
11:36:13: 1192 238373 0.11 -1.37 0.17 259.0 西
11:36:13: 1193 238573 -0.48 -0.29 0.18 278.0 西
11:36:13: 1194 238773 3.3 -1.7 0.14 264.0 西
11:36:13: 1195 238973 0.39 0.89 -0.08 299.0 西北
11:36:14: 1196 239173 1.44 -1.97 -0.52 266.0 西
11:36:14: 1197 239373 -0.17 -0.7 0.11 264.0 西
11:36:14: 1198 239574 -0.33 -0.82 -0.12 274.0 西
11:36:14: 1199 239773 1.56 -2.04 0.17 259.0 西
11:36:14: 1200 239975 0.13 0.82 0.01 296.0 西北
11:36:15: 1201 240173 -0.89 -0.28 -0.52 281.0 西
11:36:15: 1202 240373 0.15 -0.63 -0.31 263.0 西
11:36:15: 1203 240573 0.91 -0.89 0.58 270.0 西
11:36:15: 1204 240774 4.42 -2.1 0.44 263.0 西
11:36:15: 1205 240973 0.02 0.21 -0.17 282.0 西
11:36:16: 1206 241174 -0.99 0.02 -0.81 285.0 西
11:36:16: 1207 241374 -0.07 -0.63 -0.1 265.0 西
11:36:16: 1208 241574 0.16 0.14 -0.05 281.0 西
11:36:16: 1209 241773 4.07 -2.08 0.33 262.0 西
11:36:16: 1210 241976 0.57 0.9 -0.26 291.0 西
11:36:17: 1211 242173 0.37 0.33 -0.92 287.0 西
11:36:17: 1212 242373 -0.66 -0.25 -0.53 282.0 西
11:36:17: 1213 242573 0.59 0.77 0.14 287.0 西
11:36:17: 1214 242773 1.76 -2.04 0.69 255.0 西
11:36:17: 1215 242973 -0.49 1.72 -0.27 317.0 西北
11:36:18: 1216 243174 0.21 0.7 -0.59 288.0 西
11:36:18: 1217 243373 -1.3 -0.74 -0.22 264.0 西
11:36:18: 1218 243573 0.72 2.23 0.15 301.0 西北
11:36:18: 1219 243773 -0.22 -0.64 0.65 264.0 西
11:36:18: 1220 243974 -0.39 1.5 -0.07 304.0 西北
11:36:19: 1221 244174 0.51 1.01 -0.12 285.0 西
11:36:19: 1222 244373 -0.73 -0.49 0.16 265.0 西
11:36:19: 1223 244573 1.53 2.22 0.61 292.0 西
11:36:19: 1224 244773 -0.2 -0.45 0.24 264.0 西
11:36:19: 1225 244976 -0.43 1.8 -0.87 310.0 西北
11:36:20: 1226 245173 -0.58 0.53 -0.29 285.0 西
11:36:20: 1227 245373 0.38 0.38 0.1 281.0 西
11:36:20: 1228 245573 0.21 1.54 0.52 291.0 西
11:36:20: 1229 245774 -0.05 -0.42 0.01 266.0 西
11:36:20: 1230 245988 -0.25 1.7 -0.19 308.0 西北
11:36:21: 1231 246173 0.15 0.28 -0.21 280.0 西
11:36:21: 1232 246373 -1.09 -0.32 -0.07 271.0 西
11:36:21: 1233 246573 -0.49 2.14 0.33 304.0 西北
11:36:21: 1234 246773 1.89 -0.19 0.02 272.0 西
11:36:21: 1235 246973 0.27 1.48 -0.21 301.0 西北
11:36:22: 1236 247173 1.69 -1.54 -0.13 269.0 西
11:36:22: 1237 247373 -0.66 -0.5 0.1 269.0 西
11:36:22: 1238 247573 0.71 1.33 0.4 291.0 西
11:36:22: 1239 247774 1.48 -0.5 0.15 270.0 西
11:36:22: 1240 247985 0.27 1.42 -0.3 294.0 西北
11:36:23: 1241 248173 0.76 -0.05 -0.07 275.0 西
11:36:23: 1242 248373 -0.32 0.53 0.21 292.0 西
11:36:23: 1243 248573 0.29 1.42 0.19 292.0 西
11:36:23: 1244 248773 1.98 0.37 -0.09 276.0 西
11:36:23: 1245 248975 0.62 1.32 -0.31 294.0 西北
11:36:24: 1246 249173 0.8 -0.4 -0.12 274.0 西
11:36:24: 1247 249381 -0.86 0.51 0.15 297.0 西北
11:36:24: 1248 249573 -0.13 1.51 0.09 292.0 西
11:36:24: 1249 249774 1.16 -0.41 0.02 268.0 西
11:36:24: 1250 249978 0.2 0.88 -0.45 283.0 西
11:36:25: 1251 250173 0.71 0.21 -0.13 278.0 西
11:36:25: 1252 250373 -0.19 -0.25 0.28 270.0 西
11:36:25: 1253 250573 0.2 0.9 0.1 285.0 西
11:36:25: 1254 250774 0.91 -1.38 0.0 261.0 西
11:36:25: 1255 250980 0.22 1.57 -0.1 303.0 西北
11:36:26: 1256 251173 0.36 1.53 -0.06 292.0 西
11:36:26: 1257 251373 -0.3 -0.23 0.24 270.0 西
11:36:26: 1258 251573 -0.81 1.66 0.07 302.0 西北
11:36:26: 1259 251773 1.39 0.42 -0.09 277.0 西
11:36:26: 1260 251973 -0.95 1.72 -0.25 327.0 西北
11:36:27: 1261 252173 0.03 0.92 -0.3 286.0 西
11:36:27: 1262 252373 0.2 -0.73 -0.01 268.0 西
11:36:27: 1263 252573 -0.59 1.33 0.26 295.0 西北
11:36:27: 1264 252774 0.84 -1.3 0.04 264.0 西
11:36:27: 1265 252973 -1.09 1.02 -0.22 322.0 西北
11:36:28: 1266 253173 -0.2 2.16 -0.1 303.0 西北
11:36:28: 1267 253373 -0.13 1.06 0.0 295.0 西北
11:36:28: 1268 253573 -0.36 2.2 0.04 313.0 西北
11:36:28: 1269 253773 1.09 1.67 0.0 291.0 西
11:36:28: 1270 253973 -0.36 0.97 -0.01 300.0 西北
11:36:29: 1271 254173 0.74 2.18 0.13 297.0 西北
11:36:29: 1272 254373 -1.32 0.37 0.25 286.0 西
11:36:29: 1273 254573 -0.36 1.35 0.25 301.0 西北
11:36:29: 1274 254773 -2.76 0.44 0.25 292.0 西
11:36:29: 1275 254973 -1.63 -0.53 0.33 268.0 西
11:36:30: 1276 255173 -2.03 1.15 0.1 316.0 西北
11:36:30: 1277 255373 -3.17 -0.83 0.05 263.0 西
11:36:30: 1278 255573 -0.85 1.08 0.06 309.0 西北
11:36:30: 1279 255773 2.14 1.04 0.87 277.0 西
11:36:30: 1280 255974 0.16 1.4 0.61 179.0 南
11:36:31: 1281 256173 -1.2 1.2 -0.13 196.0 南
11:36:31: 1282 256373 1.07 -0.54 0.16 177.0 南
11:36:31: 1283 256573 0.62 1.28 0.23 173.0 南
11:36:31: 1284 256773 2.96 -1.62 0.44 151.0 东南
11:36:31: 1285 256973 -0.05 -0.2 -0.37 191.0 南
11:36:32: 1286 257173 -1.44 0.61 -1.45 215.0 西南
11:36:32: 1287 257373 -1.11 -1.06 -1.33 264.0 西
11:36:32: 1288 257573 -0.31 0.4 -0.09 211.0 西南
11:36:32: 1289 257773 1.12 1.43 -0.5 167.0 南
11:36:32: 1290 257973 -0.17 -0.75 0.22 260.0 西
11:36:33: 1291 258174 -0.32 1.64 -0.65 195.0 南
11:36:33: 1292 258373 -0.07 0.46 -0.31 206.0 西南
11:36:33: 1293 258573 -0.91 1.17 0.24 215.0 西南
11:36:33: 1294 258773 -1.12 2.5 0.29 206.0 西南
11:36:33: 1295 258973 0.29 -0.32 0.61 183.0 南
11:36:34: 1296 259173 -1.91 1.76 -0.22 225.0 西南
11:36:34: 1297 259373 -0.81 -0.49 -0.23 255.0 西
11:36:34: 1298 259574 -1.97 -1.31 0.07 279.0 西
11:36:34: 1299 259773 2.1 1.15 1.17 139.0 东南
11:36:34: 1300 259973 1.05 -0.48 0.86 162.0 南
11:36:35: 1301 260173 -1.85 2.15 -0.23 209.0 西南
11:36:35: 1302 260373 -1.05 2.48 -1.02 193.0 南
11:36:35: 1303 260573 -0.79 0.22 0.19 205.0 西南
11:36:35: 1304 260773 -0.04 2.59 0.47 184.0 南
11:36:35: 1305 260973 -0.33 0.32 0.51 189.0 南
11:36:36: 1306 261173 -0.58 2.1 -0.07 192.0 南
11:36:36: 1307 261373 0.23 1.95 -0.25 187.0 南
11:36:36: 1308 261573 0.32 -0.95 -0.01 188.0 南
11:36:36: 1309 261773 -0.63 1.0 0.42 190.0 南
11:36:36: 1310 261973 1.5 -2.48 -0.08 133.0 东南
11:36:37: 1311 262173 -0.84 1.43 -0.46 203.0 西南
11:36:37: 1312 262373 0.3 0.06 -0.03 180.0 南
11:36:37: 1313 262573 -0.09 -1.34 -0.15 222.0 西南
11:36:37: 1314 262773 -0.49 0.54 0.24 199.0 南
11:36:37: 1315 262974 0.52 -1.41 0.25 176.0 南
11:36:38: 1316 263173 -1.02 -0.12 -0.03 220.0 西南
11:36:38: 1317 263373 0.48 0.37 -0.26 183.0 南
11:36:38: 1318 263573 -1.25 -2.16 0.17 281.0 西
11:36:38: 1319 263773 -1.01 0.76 0.42 207.0 西南
11:36:38: 1320 263974 0.28 -2.68 0.34 204.0 西南
11:36:39: 1321 264174 -1.83 0.35 -0.35 231.0 西南
11:36:39: 1322 264373 0.97 0.51 -0.02 179.0 南
11:36:39: 1323 264573 -0.4 -1.45 -0.11 247.0 西南
11:36:39: 1324 264774 0.01 0.28 -0.2 194.0 南
11:36:39: 1325 264973 0.48 -2.03 -0.07 195.0 南
11:36:40: 1326 265174 -0.9 -0.06 -0.35 220.0 西南
11:36:40: 1327 265378 0.9 -0.28 -0.43 185.0 南
11:36:40: 1328 265573 -0.26 -1.95 -0.17 332.0 西北
11:36:40: 1329 265773 -0.54 -0.45 0.11 228.0 西南
11:36:40: 1330 265973 0.5 -2.99 -0.03 357.0 北
11:36:41: 1331 266173 -1.82 -0.33 -0.09 264.0 西
11:36:41: 1332 266374 0.72 -0.73 -0.23 72.0 东
11:36:41: 1333 266574 -0.76 -1.51 0.21 310.0 西北
11:36:41: 1334 266773 0.44 0.98 0.0 173.0 南
11:36:41: 1335 266973 0.94 -0.83 0.27 150.0 东南
11:36:42: 1336 267173 -0.42 0.42 -0.32 189.0 南
11:36:42: 1337 267373 1.88 -0.82 0.2 133.0 东南
11:36:42: 1338 267573 -0.51 -1.88 0.32 252.0 西
11:36:42: 1339 267773 0.65 0.91 0.03 165.0 南
11:36:42: 1340 267973 1.1 -1.45 0.13 150.0 东南
11:36:43: 1341 268173 -0.32 -0.57 -0.41 183.0 南
11:36:43: 1342 268373 0.22 -0.51 -0.48 172.0 南
11:36:43: 1343 268573 -1.22 -1.74 -0.3 292.0 西
11:36:43: 1344 268773 -1.13 0.27 -0.15 221.0 西南
11:36:43: 1345 268973 0.12 -1.12 0.45 204.0 西南
11:36:44: 1346 269173 0.36 -0.49 -0.08 162.0 南
11:36:44: 1347 269373 0.8 -0.56 -0.29 175.0 南
11:36:44: 1348 269573 -0.66 -0.75 -0.06 215.0 西南
11:36:44: 1349 269774 -0.79 0.32 -0.18 204.0 西南
11:36:44: 1350 269973 -0.84 -0.94 0.03 210.0 西南
11:36:45: 1351 270173 -0.68 -1.23 -0.41 226.0 西南
11:36:45: 1352 270375 0.26 -0.01 -0.41 195.0 南
11:36:45: 1353 270573 -1.41 -0.17 0.13 238.0 西南
11:36:45: 1354 270773 -0.85 0.46 0.29 213.0 西南
11:36:45: 1355 270973 -0.56 -1.12 0.3 210.0 西南
11:36:46: 1356 271173 0.03 -1.02 -0.51 187.0 南
11:36:46: 1357 271373 -0.12 0.45 -0.51 191.0 南
11:36:46: 1358 271573 0.24 -1.24 -0.3 184.0 南
11:36:46: 1359 271773 -0.92 0.06 -0.08 211.0 西南
11:36:46: 1360 271974 0.94 -1.45 0.21 161.0 南
11:36:47: 1361 272174 0.82 -0.61 0.29 150.0 东南
11:36:47: 1362 272373 0.53 0.48 -0.5 175.0 南
11:36:47: 1363 272573 -0.51 -0.48 -0.31 202.0 南
11:36:47: 1364 272773 -0.61 0.87 0.11 205.0 西南
11:36:47: 1365 272973 1.27 -1.05 0.21 171.0 南
11:36:48: 1366 273173 2.21 -0.39 0.0 106.0 东
11:36:48: 1367 273373 -0.84 0.27 -0.28 207.0 西南
11:36:48: 1368 273573 1.7 -0.3 -0.85 116.0 东南
11:36:48: 1369 273773 -0.89 -0.25 0.19 231.0 西南
11:36:48: 1370 273973 1.43 -0.76 0.04 139.0 东南
11:36:49: 1371 274173 2.24 -1.86 0.63 83.0 东
11:36:49: 1372 274373 -0.14 -1.16 -0.28 218.0 西南
11:36:49: 1373 274573 1.99 -1.79 -0.38 56.0 东北
11:36:49: 1374 274773 -0.93 -0.57 -0.14 268.0 西
11:36:49: 1375 274974 0.51 -0.83 -0.03 166.0 南
11:36:50: 1376 275174 2.72 -2.59 0.3 63.0 东北
11:36:50: 1377 275373 -0.55 0.18 -0.26 230.0 西南
11:36:50: 1378 275574 0.08 -0.29 -0.23 230.0 西南
11:36:50: 1379 275773 -1.03 -1.11 0.1 279.0 西
11:36:50: 1380 275973 -0.62 -0.77 -0.28 226.0 西南
11:36:51: 1381 276173 0.24 -4.37 0.25 4.0 北
11:36:51: 1382 276373 0.6 1.08 -0.16 163.0 南
11:36:51: 1383 276574 0.15 -0.61 0.57 192.0 南
11:36:51: 1384 276773 -0.77 -1.81 -0.04 297.0 西北
11:36:51: 1385 276973 -0.69 -0.39 -0.4 233.0 西南
11:36:52: 1386 277173 0.54 -3.04 0.22 0.0 北
11:36:52: 1387 277373 -0.46 1.27 -0.57 202.0 南
11:36:52: 1388 277573 -1.58 -0.21 -0.63 251.0 西
11:36:52: 1389 277773 0.4 -1.57 0.04 342.0 北
11:36:52: 1390 277973 -0.31 -0.48 0.12 212.0 西南
11:36:53: 1391 278174 -0.95 -2.21 0.3 277.0 西
11:36:53: 1392 278374 0.02 1.63 -0.31 183.0 南
11:36:53: 1393 278573 -1.05 -0.71 0.0 224.0 西南
11:36:53: 1394 278773 -0.19 -1.85 0.06 273.0 西
11:36:53: 1395 278973 -0.31 0.43 -0.15 194.0 南
11:36:54: 1396 279173 1.79 -2.02 -0.15 100.0 东
11:36:54: 1397 279373 -1.92 0.58 -0.5 231.0 西南
11:36:54: 1398 279575 -0.07 0.04 -0.52 192.0 南
11:36:54: 1399 279774 -0.49 -2.38 0.09 346.0 北
11:36:54: 1400 279973 0.33 0.06 0.0 163.0 南
11:36:55: 1401 280173 -0.15 -0.24 0.39 179.0 南
11:36:55: 1402 280373 0.63 -0.76 -0.62 81.0 东
11:36:55: 1403 280573 0.44 -0.18 -0.18 95.0 东
11:36:55: 1404 280773 2.61 -2.86 -0.37 46.0 东北
11:36:55: 1405 280973 -0.52 -0.49 -0.12 286.0 西
11:36:56: 1406 281173 -0.6 0.45 -0.22 192.0 南
11:36:56: 1407 281373 1.64 -2.4 -0.61 48.0 东北
11:36:56: 1408 281573 -0.54 0.92 -0.93 153.0 东南
11:36:56: 1409 281773 0.31 0.84 -0.7 63.0 东北
11:36:56: 1410 281974 -1.0 -2.16 -0.26 4.0 北
11:36:57: 1411 282173 -0.19 0.15 -0.9 38.0 东北
11:36:57: 1412 282374 0.75 -0.72 -0.51 42.0 东北
11:36:57: 1413 282573 1.79 -0.12 -0.64 62.0 东北
11:36:57: 1414 282773 -1.74 1.04 -0.75 51.0 东北
11:36:57: 1415 282974 -0.85 -2.29 -0.9 35.0 东北
11:36:58: 1416 283173 -0.18 0.13 0.45 57.0 东北
11:36:58: 1417 283374 0.0 -1.58 0.75 43.0 东北
11:36:58: 1418 283573 0.51 -0.33 -0.69 57.0 东北
11:36:58: 1419 283774 -0.44 -0.01 -0.06 51.0 东北
11:36:58: 1420 283973 -1.89 -1.66 -0.07 24.0 东北
11:36:59: 1421 284173 -1.36 0.14 0.49 42.0 东北
11:36:59: 1422 284373 1.14 -2.56 0.48 46.0 东北
11:36:59: 1423 284573 -1.4 -0.25 -0.51 36.0 东北
11:36:59: 1424 284773 -0.08 0.04 0.1 51.0 东北
11:36:59: 1425 284974 0.33 -1.45 0.1 41.0 东北
11:37:00: 1426 285174 0.45 0.16 0.16 57.0 东北
11:37:00: 1427 285373 1.4 -2.01 -0.33 48.0 东北
11:37:00: 1428 285573 -0.29 1.27 -0.17 77.0 东
11:37:00: 1429 285774 -0.66 -0.49 -0.94 46.0 东北
11:37:00: 1430 285973 0.51 -1.27 -0.54 57.0 东北
11:37:01: 1431 286173 -0.18 1.42 0.05 87.0 东
11:37:01: 1432 286373 -0.17 -1.63 -0.28 61.0 东北
11:37:01: 1433 286573 -0.31 1.29 -0.12 94.0 东
11:37:01: 1434 286774 -1.88 -0.15 0.0 60.0 东北
11:37:01: 1435 286973 -1.32 -1.88 -0.28 44.0 东北
11:37:02: 1436 287173 1.49 0.06 0.54 70.0 东
11:37:02: 1437 287373 1.23 -1.44 0.6 63.0 东北
11:37:02: 1438 287573 -0.35 0.72 -0.26 73.0 东
11:37:02: 1439 287773 -1.2 -0.41 -0.16 57.0 东北
11:37:02: 1440 287973 -1.06 -0.77 0.21 49.0 东北
11:37:03: 1441 288173 0.36 -0.66 0.61 58.0 东北
11:37:03: 1442 288373 3.04 -0.65 0.6 70.0 东
11:37:03: 1443 288573 -1.19 -0.96 -0.15 49.0 东北
11:37:03: 1444 288773 0.06 -2.44 -0.46 45.0 东北
11:37:03: 1445 288973 -0.2 0.07 0.36 61.0 东北
11:37:04: 1446 289173 0.32 -2.72 -0.02 47.0 东北
11:37:04: 1447 289373 -0.35 -0.72 0.34 50.0 东北
11:37:04: 1448 289573 -0.28 -0.41 -0.47 54.0 东北
11:37:04: 1449 289773 2.73 -2.97 0.07 57.0 东北
11:37:04: 1450 289973 -0.2 -0.35 0.7 59.0 东北
11:37:05: 1451 290173 -0.51 -3.51 0.12 43.0 东北
11:37:05: 1452 290374 1.01 1.73 -0.23 101.0 东
11:37:05: 1453 290573 -1.91 -0.22 -0.3 48.0 东北
11:37:05: 1454 290773 0.31 -0.4 0.02 60.0 东北
11:37:05: 1455 290973 2.21 1.25 0.4 80.0 东
11:37:06: 1456 291174 1.18 -1.47 0.42 60.0 东北
11:37:06: 1457 291374 0.77 0.28 -0.82 70.0 东
11:37:06: 1458 291573 0.87 -3.89 -0.12 49.0 东北
11:37:06: 1459 291773 0.08 0.28 0.11 66.0 东北
11:37:06: 1460 291973 0.67 -1.27 0.17 60.0 东北
11:37:07: 1461 292174 -0.95 -0.04 -0.2 55.0 东北
11:37:07: 1462 292373 -0.03 0.77 -0.8 71.0 东
11:37:07: 1463 292573 -0.32 -1.7 0.17 44.0 东北
11:37:07: 1464 292773 0.03 0.52 1.0 78.0 东
11:37:07: 1465 292973 0.4 -1.9 -0.14 53.0 东北
11:37:08: 1466 293173 -0.91 0.81 -0.37 80.0 东
11:37:08: 1467 293373 -0.16 -0.01 -0.33 65.0 东北
11:37:08: 1468 293573 0.52 -0.91 0.06 60.0 东北
11:37:08: 1469 293774 0.02 -0.17 0.51 66.0 东北
11:37:08: 1470 293973 1.23 -1.18 0.52 65.0 东北
11:37:09: 1471 294175 -0.36 0.68 -0.02 80.0 东
11:37:09: 1472 294373 -0.46 0.14 -0.21 63.0 东北
11:37:09: 1473 294573 -0.81 -0.52 0.36 39.0 东北
11:37:09: 1474 294773 1.86 -0.72 -0.15 65.0 东北
11:37:09: 1475 294973 1.28 -1.33 0.51 59.0 东北
11:37:10: 1476 295173 0.72 -0.14 -0.81 62.0 东北
11:37:10: 1477 295373 1.51 -2.8 0.06 45.0 东北
11:37:10: 1478 295573 1.3 0.05 0.68 68.0 东
11:37:10: 1479 295773 1.15 -1.42 0.72 52.0 东北
11:37:10: 1480 295973 -0.77 0.04 -0.36 49.0 东北
11:37:11: 1481 296173 0.55 -0.6 -0.43 54.0 东北
11:37:11: 1482 296373 -0.16 -2.59 0.04 36.0 东北
11:37:11: 1483 296573 1.0 0.33 -0.36 72.0 东
11:37:11: 1484 296773 0.78 -2.67 0.49 49.0 东北
11:37:11: 1485 296973 -0.54 0.82 -0.44 89.0 东
11:37:12: 1486 297174 -0.45 -0.01 -0.33 54.0 东北
11:37:12: 1487 297373 -1.6 -1.17 0.16 20.0 北
11:37:12: 1488 297574 0.44 1.75 -0.17 85.0 东
11:37:12: 1489 297774 2.51 -2.81 0.31 55.0 东北
11:37:12: 1490 297973 -0.82 1.22 -0.41 104.0 东
11:37:13: 1491 298173 -0.67 0.54 -0.05 53.0 东北
11:37:13: 1492 298373 -0.57 -1.05 0.69 29.0 东北
11:37:13: 1493 298573 0.87 1.13 -0.01 72.0 东
11:37:13: 1494 298773 3.29 -2.61 -0.01 55.0 东北
11:37:13: 1495 298974 1.52 1.45 -0.07 87.0 东
11:37:14: 1496 299173 -1.58 0.29 -0.5 37.0 东北
11:37:14: 1497 299373 -1.21 -0.87 0.58 21.0 北
11:37:14: 1498 299573 0.86 -0.05 0.0 53.0 东北
11:37:14: 1499 299773 2.86 -2.41 0.0 52.0 东北
11:37:14: 1500 299973 0.85 0.89 -0.09 70.0 东
11:37:15: 1501 300173 1.17 -1.01 -0.21 49.0 东北
11:37:15: 1502 300373 -0.37 -0.63 -0.49 27.0 东北
11:37:15: 1503 300573 2.05 -0.79 0.71 53.0 东北
11:37:15: 1504 300773 2.1 -1.57 0.35 52.0 东北
11:37:15: 1505 300973 0.5 1.0 -0.48 73.0 东
11:37:16: 1506 301173 3.22 -0.74 -0.49 58.0 东北
11:37:16: 1507 301373 -0.64 -0.26 -0.06 21.0 北
11:37:16: 1508 301573 1.3 -0.41 0.11 52.0 东北
11:37:16: 1509 301774 2.49 -1.96 0.37 54.0 东北
11:37:16: 1510 301973 -0.45 0.08 -0.27 42.0 东北
11:37:17: 1511 302173 0.82 -1.77 -0.49 40.0 东北
11:37:17: 1512 302373 -0.4 -0.54 0.09 29.0 东北
11:37:17: 1513 302573 -0.69 -0.86 0.44 32.0 东北
11:37:17: 1514 302773 1.09 -1.92 0.26 40.0 东北
11:37:17: 1515 302973 0.83 -0.58 0.1 40.0 东北
11:37:18: 1516 303173 0.5 -3.3 -0.01 30.0 东北
11:37:18: 1517 303373 -0.87 -0.31 0.05 26.0 东北
11:37:18: 1518 303573 1.18 -2.12 -0.3 39.0 东北
11:37:18: 1519 303773 -0.59 -0.16 0.28 25.0 东北
11:37:18: 1520 303973 -0.21 0.85 -0.74 44.0 东北
11:37:19: 1521 304174 -4.06 -3.3 -0.07 358.0 北
11:37:19: 1522 304373 -0.6 -0.42 0.85 33.0 东北
11:37:19: 1523 304573 3.08 0.7 0.29 61.0 东北
11:37:19: 1524 304773 -1.82 0.68 0.83 282.0 西
11:37:19: 1525 304973 2.54 1.92 -1.1 69.0 东
11:37:20: 1526 305173 -0.51 -2.64 0.75 38.0 东北
11:37:20: 1527 305373 0.69 -0.38 0.17 39.0 东北
11:37:20: 1528 305573 1.1 -0.76 1.29 30.0 东北
11:37:20: 1529 305774 0.66 0.92 0.33 88.0 东
11:37:20: 1530 305974 0.98 0.1 -0.14 28.0 东北
11:37:21: 1531 306174 2.29 -2.16 0.07 38.0 东北
11:37:21: 1532 306373 0.88 0.34 0.77 72.0 东
11:37:21: 1533 306573 0.6 -4.86 0.32 358.0 北
11:37:21: 1534 306773 0.2 0.74 0.11 137.0 东南
11:37:21: 1535 306973 0.82 0.51 -0.11 13.0 北
11:37:22: 1536 307173 -0.68 -2.09 -0.46 355.0 北
11:37:22: 1537 307373 0.98 -0.34 0.01 30.0 东北
11:37:22: 1538 307573 0.16 -2.68 0.55 357.0 北
11:37:22: 1539 307773 -0.23 0.27 -0.43 333.0 西北
11:37:22: 1540 307973 1.49 0.28 -0.26 31.0 东北
11:37:23: 1541 308173 2.43 -2.17 0.17 44.0 东北
11:37:23: 1542 308373 2.08 0.42 0.63 89.0 东
11:37:23: 1543 308574 1.27 -1.99 0.81 36.0 东北
11:37:23: 1544 308773 0.68 0.95 -0.73 114.0 东南
11:37:23: 1545 308973 0.85 0.22 -0.35 34.0 东北
11:37:24: 1546 309174 0.31 -0.74 0.1 20.0 北
11:37:24: 1547 309373 2.49 -1.21 0.04 51.0 东北
11:37:24: 1548 309575 3.66 -1.93 0.41 61.0 东北
11:37:24: 1549 309773 0.14 -0.16 -0.78 26.0 东北
11:37:24: 1550 309973 0.62 -3.71 -0.46 16.0 北
11:37:25: 1551 310173 0.57 -0.28 0.13 29.0 东北
11:37:25: 1552 310373 2.11 -2.01 -0.03 34.0 东北
11:37:25: 1553 310574 -0.23 -0.38 0.1 15.0 北
11:37:25: 1554 310773 2.55 -1.0 -0.31 42.0 东北
11:37:25: 1555 310973 -1.34 -4.35 -0.19 4.0 北
11:37:26: 1556 311173 0.1 -0.38 -0.34 23.0 东北
11:37:26: 1557 311373 1.76 -1.27 0.34 35.0 东北
11:37:26: 1558 311574 0.94 -1.83 -0.22 30.0 东北
11:37:26: 1559 311774 0.71 -0.16 -0.19 25.0 东北
11:37:26: 1560 311974 1.12 -1.67 0.11 24.0 东北
11:37:27: 1561 312173 -0.09 0.61 1.15 202.0 南
11:37:27: 1562 312373 2.56 -1.35 0.57 37.0 东北
11:37:27: 1563 312574 0.51 -1.51 -1.08 26.0 东北
11:37:27: 1564 312773 1.03 -0.68 -0.87 29.0 东北
11:37:27: 1565 312973 0.93 -2.44 0.06 23.0 东北
11:37:28: 1566 313174 0.97 -0.28 0.17 36.0 东北
11:37:28: 1567 313373 2.22 -2.95 0.17 29.0 东北
11:37:28: 1568 313573 0.73 -0.89 0.36 24.0 东北
11:37:28: 1569 313773 2.06 -1.01 -0.74 34.0 东北
11:37:28: 1570 313980 2.74 -3.17 -0.52 32.0 东北
11:37:29: 1571 314173 0.08 -0.12 -0.31 19.0 北
11:37:29: 1572 314373 0.48 -0.29 -0.64 30.0 东北
11:37:29: 1573 314573 3.55 -0.72 -0.32 56.0 东北
11:37:29: 1574 314773 -0.46 0.35 -0.63 32.0 东北
11:37:29: 1575 314973 1.39 -1.86 -1.0 49.0 东北
11:37:30: 1576 315173 -0.26 0.04 -0.95 62.0 东北
11:37:30: 1577 315373 -0.14 -0.92 0.19 49.0 东北
11:37:30: 1578 315574 4.69 -1.3 0.1 68.0 东
11:37:30: 1579 315773 0.15 1.34 -0.15 92.0 东
11:37:30: 1580 315973 3.27 0.06 -0.89 78.0 东
11:37:31: 1581 316182 -0.31 -0.4 -0.65 58.0 东北
11:37:31: 1582 316373 -1.37 0.85 0.32 73.0 东
11:37:31: 1583 316573 1.46 -3.44 0.6 50.0 东北
11:37:31: 1584 316773 0.28 0.36 0.22 73.0 东
11:37:31: 1585 316974 2.57 -2.19 -0.3 61.0 东北
11:37:32: 1586 317173 -0.46 -0.07 0.02 46.0 东北
11:37:32: 1587 317373 2.29 0.3 0.4 64.0 东北
11:37:32: 1588 317573 2.48 -0.72 0.37 65.0 东北
11:37:32: 1589 317773 0.43 0.1 -0.58 56.0 东北
11:37:32: 1590 317973 1.94 -2.2 -0.57 52.0 东北
11:37:33: 1591 318173 -0.1 0.16 -0.12 58.0 东北
11:37:33: 1592 318373 -0.27 -1.1 0.0 53.0 东北
11:37:33: 1593 318573 1.45 -0.15 0.05 67.0 东北
11:37:33: 1594 318774 -0.05 0.31 -0.39 62.0 东北
11:37:33: 1595 318974 0.26 -2.22 0.27 68.0 东
11:37:34: 1596 319175 0.86 0.24 -0.06 72.0 东
11:37:34: 1597 319373 0.11 -2.08 0.15 76.0 东
11:37:34: 1598 319573 -0.19 0.54 0.27 90.0 东
11:37:34: 1599 319773 0.08 0.52 -0.12 95.0 东
11:37:34: 1600 319974 -0.52 -1.84 0.03 98.0 东
11:37:35: 1601 320173 0.71 0.69 0.39 111.0 东
11:37:35: 1602 320373 1.08 -2.87 0.13 105.0 东
11:37:35: 1603 320574 -1.35 0.28 0.18 121.0 东南
11:37:35: 1604 320773 -0.35 -0.14 0.65 106.0 东
11:37:35: 1605 320973 -0.34 -1.08 -0.23 92.0 东
11:37:36: 1606 321173 -0.01 0.58 0.78 111.0 东
11:37:36: 1607 321373 1.74 -1.63 0.57 85.0 东
11:37:36: 1608 321573 -0.56 1.63 -0.11 125.0 东南
11:37:36: 1609 321773 -0.39 0.27 0.43 101.0 东
11:37:36: 1610 321973 -6.94 2.53 0.77 214.0 西南
11:37:37: 1611 322173 0.42 0.39 -0.35 152.0 东南
11:37:37: 1612 322374 2.63 -1.62 1.38 137.0 东南
11:37:37: 1613 322573 -1.53 1.89 0.08 168.0 南
11:37:37: 1614 322773 0.86 1.48 -0.94 139.0 东南
11:37:37: 1615 322973 1.03 -2.54 0.33 110.0 东
11:37:38: 1616 323175 0.05 0.62 0.46 118.0 东南
11:37:38: 1617 323373 -0.81 -1.18 -0.85 89.0 东
11:37:38: 1618 323573 -0.44 -0.82 -0.78 70.0 东
11:37:38: 1619 323773 -1.24 1.18 -0.39 60.0 东北
11:37:38: 1620 323973 -0.77 -1.79 -0.31 45.0 东北
11:37:39: 1621 324173 0.1 0.96 0.45 42.0 东北
11:37:39: 1622 324373 -0.37 -1.43 0.3 20.0 北
11:37:39: 1623 324573 -0.49 0.23 -0.57 15.0 北
11:37:39: 1624 324774 0.98 0.35 -0.22 17.0 北
11:37:39: 1625 324974 0.71 -1.25 -0.26 20.0 北
11:37:40: 1626 325173 1.27 0.18 0.44 1.0 北
11:37:40: 1627 325373 0.69 -3.4 0.19 3.0 北
11:37:40: 1628 325574 0.51 1.41 -0.81 46.0 东北
11:37:40: 1629 325773 -0.58 0.0 -0.56 54.0 东北
11:37:40: 1630 325974 -0.26 -1.4 -0.13 62.0 东北
11:37:41: 1631 326173 2.53 -1.07 0.26 70.0 东
11:37:41: 1632 326373 1.54 -2.28 0.11 73.0 东
11:37:41: 1633 326573 -0.03 0.22 -1.4 76.0 东
11:37:41: 1634 326774 0.87 -1.16 -0.3 77.0 东
11:37:41: 1635 326973 -0.04 -1.82 0.18 74.0 东
11:37:42: 1636 327173 0.05 0.28 -1.06 83.0 东
11:37:42: 1637 327373 1.8 -3.47 -0.45 90.0 东
11:37:42: 1638 327573 -0.38 0.93 -1.17 95.0 东
11:37:42: 1639 327773 2.23 -0.3 -0.59 101.0 东
11:37:42: 1640 327973 1.52 -2.67 0.36 96.0 东
11:37:43: 1641 328173 0.56 0.33 -0.59 102.0 东
11:37:43: 1642 328373 1.62 -1.56 -0.5 107.0 东
11:37:43: 1643 328573 -1.19 -3.05 -0.43 104.0 东
11:37:43: 1644 328773 -1.13 -0.31 -1.9 119.0 东南
11:37:43: 1645 328973 1.57 -2.19 -0.34 119.0 东南
11:37:44: 1646 329174 1.14 -0.6 -0.03 118.0 东南
11:37:44: 1647 329374 1.3 -0.15 0.39 117.0 东南
11:37:44: 1648 329573 1.16 -1.6 -0.05 116.0 东南
11:37:44: 1649 329773 0.25 1.21 -0.14 120.0 东南
11:37:44: 1650 329973 1.12 0.68 0.24 119.0 东南
11:37:45: 1651 330173 -0.61 -0.37 0.24 117.0 东南
11:37:45: 1652 330373 -0.31 0.28 0.75 172.0 南
11:37:45: 1653 330573 0.32 0.24 1.02 175.0 南
11:37:45: 1654 330773 -0.89 -1.72 0.75 170.0 南
11:37:45: 1655 330973 0.46 -0.31 0.21 183.0 南
11:37:46: 1656 331173 -1.41 -2.64 0.85 209.0 西南
11:37:46: 1657 331373 -0.3 -0.74 0.57 245.0 西南
11:37:46: 1658 331573 2.44 -1.25 0.87 262.0 西
11:37:46: 1659 331773 3.12 -2.51 0.72 269.0 西
11:37:46: 1660 331973 0.16 0.14 -0.64 271.0 西
11:37:47: 1661 332173 3.18 -1.1 -0.57 263.0 西
11:37:47: 1662 332477 -0.79 -1.26 0.14 241.0 西南
11:37:47: 1663 332677 0.74 -0.38 -0.43 228.0 西南
11:37:47: 1664 332877 2.05 -2.98 0.02 224.0 西南
11:37:47: 1665 333077 0.66 1.16 -0.3 261.0 西
11:37:48: 1666 333277 1.59 0.55 -0.17 241.0 西南
11:37:48: 1667 333477 -0.12 -1.79 0.28 227.0 西南
11:37:48: 1668 333677 0.17 0.32 0.33 251.0 西
11:37:48: 1669 333877 2.93 -3.01 0.35 261.0 西
11:37:48: 1670 334077 -0.77 0.11 -0.16 281.0 西
11:37:49: 1671 334277 0.31 -0.26 -0.28 274.0 西
11:37:49: 1672 334477 -2.16 -1.94 0.22 280.0 西
11:37:49: 1673 334677 -0.17 0.22 0.14 286.0 西
11:37:49: 1674 334876 -0.5 -0.09 0.54 279.0 西
11:37:49: 1675 335077 2.24 -1.62 0.17 281.0 西
11:37:50: 1676 335277 0.89 0.75 0.13 291.0 西
11:37:50: 1677 335477 -0.48 -0.72 0.04 290.0 西
11:37:50: 1678 335677 0.42 -3.93 0.07 285.0 西
11:37:50: 1679 335878 0.72 0.58 0.04 287.0 西
11:37:50: 1680 336077 1.57 -2.24 0.58 279.0 西
11:37:51: 1681 336277 -0.93 0.63 -0.27 296.0 西北
11:37:51: 1682 336477 -0.89 0.49 -0.09 283.0 西
11:37:51: 1683 336677 -2.75 -1.88 -0.17 271.0 西
11:37:51: 1684 336876 -2.2 0.16 0.07 271.0 西
11:37:51: 1685 337077 0.86 -0.2 0.81 267.0 西
11:37:52: 1686 337277 -0.46 -0.58 0.81 260.0 西
11:37:52: 1687 337477 0.17 2.06 -0.01 270.0 西
11:37:52: 1688 337677 -0.34 -1.03 0.55 250.0 西
11:37:52: 1689 337877 -0.38 0.81 -0.23 252.0 西
11:37:52: 1690 338077 1.13 1.59 0.55 252.0 西
11:37:53: 1691 338277 1.75 0.43 0.36 247.0 西南
11:37:53: 1692 338477 -0.55 1.12 -1.03 252.0 西
11:37:53: 1693 338677 1.63 2.95 -0.49 258.0 西
11:37:53: 1694 338876 -0.53 -0.97 -0.19 250.0 西
11:37:53: 1695 339077 0.68 2.79 0.37 261.0 西
11:37:54: 1696 339277 1.01 -1.01 -0.24 253.0 西
11:37:54: 1697 339477 -0.98 1.04 -0.14 264.0 西
11:37:54: 1698 339678 -0.63 1.58 -0.01 266.0 西
11:37:54: 1699 339877 -1.91 0.35 0.31 261.0 西
11:37:54: 1700 340077 0.09 1.1 0.78 261.0 西
11:37:55: 1701 340277 1.95 -1.33 1.18 257.0 西
11:37:55: 1702 340477 -0.39 -0.69 0.83 254.0 西
11:37:55: 1703 340677 0.26 0.72 0.14 258.0 西
11:37:55: 1704 340877 0.93 -0.59 -0.01 258.0 西
11:37:55: 1705 341078 -0.25 0.11 0.45 253.0 西
11:37:56: 1706 341277 -0.01 -0.62 0.33 252.0 西
11:37:56: 1707 341477 -0.19 0.06 0.38 249.0 西
11:37:56: 1708 341678 -0.79 1.16 -0.54 248.0 西
11:37:56: 1709 341877 0.03 -0.12 -0.25 248.0 西
11:37:56: 1710 342077 -0.12 1.0 0.68 249.0 西
11:37:57: 1711 342277 0.26 -3.7 0.71 245.0 西南
11:37:57: 1712 342487 0.1 -0.11 0.6 248.0 西
11:37:57: 1713 342677 1.53 -2.17 -0.4 250.0 西
11:37:57: 1714 342877 -1.38 -1.64 0.14 246.0 西南
11:37:57: 1715 343077 -0.36 -0.09 0.01 247.0 西南
11:37:58: 1716 343278 1.74 1.05 -0.12 247.0 西南
11:37:58: 1717 343477 0.83 0.3 0.52 247.0 西南
11:37:58: 1718 343676 -0.11 0.91 -0.31 252.0 西
11:37:58: 1719 343877 2.22 1.8 -0.15 251.0 西
11:37:58: 1720 344077 1.29 -2.47 0.08 249.0 西
11:37:59: 1721 344277 0.94 0.94 -0.16 253.0 西
11:37:59: 1722 344477 2.09 -1.99 -0.95 254.0 西
11:37:59: 1723 344677 -1.1 0.76 -0.88 262.0 西
11:37:59: 1724 344877 -1.55 0.25 -0.83 262.0 西
11:37:59: 1725 345077 -0.66 -1.75 -0.48 256.0 西
11:38:00: 1726 345278 0.67 -0.89 0.62 258.0 西
11:38:00: 1727 345477 -0.07 -2.46 0.83 254.0 西
11:38:00: 1728 345677 -0.44 0.92 0.18 263.0 西
11:38:00: 1729 345877 1.38 0.59 0.28 268.0 西
11:38:00: 1730 346077 -1.01 -1.71 0.42 240.0 西南
11:38:01: 1731 346277 1.6 -0.73 1.02 240.0 西南
11:38:01: 1732 346477 -0.21 -0.8 0.99 228.0 西南
11:38:01: 1733 346677 0.23 0.82 0.16 232.0 西南
11:38:01: 1734 346877 0.56 -0.47 0.49 226.0 西南
11:38:01: 1735 347077 -1.51 -0.42 -0.03 218.0 西南
11:38:02: 1736 347277 0.61 -0.51 0.14 217.0 西南
11:38:02: 1737 347477 0.7 -0.3 0.2 213.0 西南
11:38:02: 1738 347677 3.38 -0.8 -0.81 215.0 西南
11:38:02: 1739 347877 1.18 -0.83 0.07 221.0 西南
11:38:02: 1740 348077 1.68 -0.42 -0.39 221.0 西南
11:38:03: 1741 348277 1.2 -2.15 0.21 218.0 西南
11:38:03: 1742 348477 1.55 -0.75 -0.19 216.0 西南
11:38:03: 1743 348677 3.29 0.0 -0.9 220.0 西南
11:38:03: 1744 348877 0.11 -0.18 -0.64 235.0 西南
11:38:03: 1745 349077 2.4 0.35 0.16 241.0 西南
11:38:04: 1746 349277 1.84 -1.42 0.62 243.0 西南
11:38:04: 1747 349477 -0.49 -1.21 0.48 237.0 西南
11:38:04: 1748 349677 1.29 0.48 0.22 236.0 西南
11:38:04: 1749 349877 1.49 -0.97 0.12 236.0 西南
11:38:04: 1750 350077 0.09 0.25 -0.07 234.0 西南
11:38:05: 1751 350277 1.47 0.27 0.18 231.0 西南
11:38:05: 1752 350477 1.61 -0.19 0.04 230.0 西南
11:38:05: 1753 350677 -0.09 -0.44 0.55 223.0 西南
11:38:05: 1754 350877 0.31 0.42 -0.25 220.0 西南
11:38:05: 1755 351077 -0.67 0.23 -0.4 219.0 西南
11:38:06: 1756 351278 -1.56 0.45 0.24 220.0 西南
11:38:06: 1757 351478 0.74 -0.43 0.24 219.0 西南
11:38:06: 1758 351677 0.85 -0.21 0.95 203.0 西南
11:38:06: 1759 351877 3.02 0.67 1.91 197.0 南
11:38:06: 1760 352077 0.42 -0.24 1.82 185.0 南
11:38:07: 1761 352277 0.6 1.41 0.52 187.0 南
11:38:07: 1762 352477 -1.2 -0.56 0.75 181.0 南
11:38:07: 1763 352677 -1.04 -0.17 0.46 178.0 南
11:38:07: 1764 352876 1.57 0.16 0.92 176.0 南
11:38:07: 1765 353077 1.5 -1.37 0.97 170.0 南
11:38:08: 1766 353277 0.3 0.11 -0.59 168.0 南
11:38:08: 1767 353477 0.34 -1.56 0.0 164.0 南
11:38:08: 1768 353677 1.52 -0.84 0.01 168.0 南
11:38:08: 1769 353877 5.09 -3.54 0.64 166.0 南
11:38:08: 1770 354077 -0.07 -0.26 0.64 150.0 东南
11:38:09: 1771 354277 1.83 -0.33 -0.04 156.0 东南
11:38:09: 1772 354477 0.75 -1.15 -0.62 166.0 南
11:38:09: 1773 354677 1.85 -0.82 0.17 170.0 南
11:38:09: 1774 354877 0.62 -3.09 0.07 171.0 南
11:38:09: 1775 355077 1.11 1.33 -0.79 175.0 南
11:38:10: 1776 355277 -0.97 -1.87 0.47 175.0 南
11:38:10: 1777 355477 1.8 -1.3 -0.23 184.0 南
11:38:10: 1778 355677 -0.53 -1.55 0.09 186.0 南
11:38:10: 1779 355877 3.01 -1.73 -0.84 187.0 南
11:38:10: 1780 356077 -1.87 -0.68 0.22 180.0 南
11:38:11: 1781 356277 -0.82 -2.75 -1.3 193.0 南
11:38:11: 1782 356477 1.16 -0.54 0.4 188.0 南
11:38:11: 1783 356678 -1.02 -2.18 0.48 184.0 南
11:38:11: 1784 356877 2.27 -4.05 0.37 183.0 南
11:38:11: 1785 357077 0.26 -0.07 -0.02 181.0 南
11:38:12: 1786 357277 1.32 1.15 -0.18 186.0 南
11:38:12: 1787 357477 -1.55 -2.81 0.28 179.0 南
11:38:12: 1788 357677 1.15 -0.69 -0.37 182.0 南
11:38:12: 1789 357877 2.98 -2.64 0.49 181.0 南
11:38:12: 1790 358077 -0.58 -0.89 0.35 175.0 南
11:38:13: 1791 358277 1.13 0.74 -0.97 179.0 南
11:38:13: 1792 358477 -0.94 -2.34 -0.36 179.0 南
11:38:13: 1793 358677 -0.97 -1.17 -0.06 181.0 南
11:38:13: 1794 358877 1.38 -0.39 0.45 183.0 南
11:38:13: 1795 359077 -0.21 -3.16 0.08 179.0 南
11:38:14: 1796 359277 0.38 0.08 -0.23 179.0 南
11:38:14: 1797 359477 1.25 0.49 -0.54 184.0 南
11:38:14: 1798 359677 1.83 -3.76 -0.27 185.0 南
11:38:14: 1799 359877 1.87 -2.15 -0.93 185.0 南
11:38:14: 1800 360078 0.67 -0.77 -1.75 203.0 西南
11:38:15: 1801 360277 1.56 -2.29 -2.54 237.0 西南
11:38:15: 1802 360477 0.0 -0.6 -2.75 273.0 西
11:38:15: 1803 360677 0.46 -1.52 -2.93 309.0 西北
11:38:15: 1804 360877 -0.88 -0.48 -2.12 339.0 北
11:38:15: 1805 361077 0.48 -0.22 -1.66 2.0 北
11:38:16: 1806 361277 1.2 -0.67 -0.49 10.0 北
