10:44:18: 23 4154 -0.35 1.02 -0.01 50.0 东北
10:44:18: 24 5634 -0.35 1.02 -0.01 49.0 东北
10:44:18: 25 5703 -1.46 -0.53 0.03 191.0 南
10:44:18: 26 5755 -1.05 -0.66 -0.09 189.0 南
10:44:19: 27 5998 -1.21 -0.71 0.02 190.0 南
10:44:19: 28 6156 -1.06 -0.61 -0.04 189.0 南
10:44:19: 29 6356 -1.3 -0.64 -0.03 192.0 南
10:44:19: 30 6556 -1.45 -0.99 -0.09 192.0 南
10:44:19: 31 6755 -1.44 -0.89 -0.02 192.0 南
10:44:20: 32 6956 -1.84 -1.34 -0.01 195.0 南
10:44:20: 33 7155 -1.11 -0.87 -0.09 191.0 南
10:44:20: 34 7355 -1.24 -0.86 -0.09 192.0 南
10:44:20: 35 7556 -1.58 -0.87 0.07 193.0 南
10:44:20: 36 7758 -0.61 -0.47 0.0 187.0 南
10:44:21: 37 7956 -2.14 -1.11 0.04 196.0 南
10:44:21: 38 8156 -1.66 -0.97 -0.18 193.0 南
10:44:21: 39 8356 -1.98 -0.95 -0.08 195.0 南
10:44:21: 40 8556 -1.83 -0.96 -0.01 195.0 南
10:44:21: 41 8755 -1.96 -1.02 -0.07 195.0 南
10:44:22: 42 8956 -1.83 -0.79 0.01 194.0 南
10:44:22: 43 9157 -1.68 -0.71 0.01 193.0 南
10:44:22: 44 9355 -1.39 -0.75 0.03 193.0 南
10:44:22: 45 9556 -1.7 -0.86 -0.02 194.0 南
10:44:22: 46 9755 -1.34 -0.75 -0.01 192.0 南
10:44:23: 47 9956 -1.61 -0.81 -0.01 194.0 南
10:44:23: 48 10155 -1.59 -0.77 -0.05 194.0 南
10:44:23: 49 10356 -1.61 -0.82 0.01 195.0 南
10:44:23: 50 10555 -1.24 -0.72 0.01 193.0 南
10:44:23: 51 10755 -1.55 -0.69 0.04 196.0 南
10:44:24: 52 10955 -1.71 -0.78 -0.02 197.0 南
10:44:24: 53 11156 -1.51 -0.72 -0.02 195.0 南
10:44:24: 54 11355 -1.66 -0.78 -0.01 196.0 南
10:44:24: 55 11555 -1.63 -0.74 0.01 194.0 南
10:44:24: 56 11756 -1.73 -0.69 0.02 195.0 南
10:44:25: 57 11957 -2.4 -1.59 0.0 199.0 南
10:44:25: 58 12156 -1.9 -1.89 -0.13 198.0 南
10:44:25: 59 12356 -0.4 -1.33 -0.63 190.0 南
10:44:25: 60 12555 -0.42 -0.77 -0.19 185.0 南
10:44:25: 61 12755 -0.62 -0.57 -0.08 182.0 南
10:44:26: 62 12956 -0.61 -0.16 -0.06 179.0 南
10:44:26: 63 13156 -0.75 -0.17 -0.04 177.0 南
10:44:26: 64 13355 -0.87 0.19 0.01 178.0 南
10:44:26: 65 13557 -0.49 -0.11 0.01 172.0 南
10:44:26: 66 13757 -0.83 -0.07 0.04 178.0 南
10:44:27: 67 13956 -0.44 0.27 0.0 177.0 南
10:44:27: 68 14155 -1.0 0.86 -0.05 183.0 南
10:44:27: 69 14356 2.2 -1.49 0.2 139.0 东南
10:44:27: 70 14556 -0.28 0.68 -0.2 181.0 南
10:44:27: 71 14757 0.06 -0.99 0.06 169.0 南
10:44:28: 72 14962 -1.81 0.15 -0.98 200.0 南
10:44:28: 73 15156 -0.33 -1.08 -0.54 191.0 南
10:44:28: 74 15356 -0.96 -1.47 0.26 201.0 南
10:44:28: 75 15555 -0.38 -1.54 0.15 195.0 南
10:44:28: 76 15756 -0.45 -0.84 0.2 193.0 南
10:44:29: 77 15956 -0.72 -0.66 -0.01 194.0 南
10:44:29: 78 16155 -0.46 -0.85 -0.04 193.0 南
10:44:29: 79 16356 -0.75 -0.37 -0.02 194.0 南
10:44:29: 80 16556 -0.97 -0.18 -0.09 195.0 南
10:44:29: 81 16757 -0.39 -0.53 0.06 191.0 南
10:44:30: 82 16956 -0.41 -0.53 0.07 191.0 南
10:44:30: 83 17155 -0.52 -0.35 0.04 191.0 南
10:44:30: 84 17355 -0.17 -0.47 0.01 190.0 南
10:44:30: 85 17555 -0.31 -0.37 0.14 190.0 南
10:44:30: 86 17755 -0.4 -0.28 0.1 192.0 南
10:44:31: 87 17956 -0.41 -0.21 0.08 195.0 南
10:44:31: 88 18156 -0.28 -0.19 0.03 195.0 南
10:44:31: 89 18356 -0.15 -0.15 0.05 192.0 南
10:44:31: 90 18557 -0.35 0.0 0.07 191.0 南
10:44:31: 91 18756 -0.32 0.16 0.06 189.0 南
10:44:32: 92 18955 -0.39 0.0 0.01 190.0 南
10:44:32: 93 19156 0.24 -0.15 0.0 186.0 南
10:44:32: 94 19357 -0.3 0.22 -0.02 192.0 南
10:44:32: 95 19556 -0.08 -0.04 -0.07 193.0 南
10:44:32: 96 19755 -0.18 -0.21 0.03 198.0 南
10:44:33: 97 19964 -0.34 -0.01 0.01 196.0 南
10:44:33: 98 20155 0.04 -0.25 -0.04 189.0 南
10:44:33: 99 20355 -0.77 -0.35 -0.04 199.0 南
10:44:33: 100 20555 -0.07 -0.78 -0.07 193.0 南
10:44:33: 101 20756 -0.41 -0.43 -0.07 195.0 南
10:44:34: 102 20955 -0.88 -0.09 -0.23 202.0 南
10:44:34: 103 21156 -0.52 -0.47 0.11 194.0 南
10:44:34: 104 21355 -0.68 -0.14 0.03 192.0 南
10:44:34: 105 21557 -0.8 0.07 -0.06 192.0 南
10:44:34: 106 21755 -0.54 -0.15 0.04 188.0 南
10:44:35: 107 21970 -0.56 -0.06 0.02 187.0 南
10:44:35: 108 22156 -0.61 0.01 -0.04 190.0 南
10:44:35: 109 22356 -0.66 -0.04 -0.01 185.0 南
10:44:35: 110 22556 -0.61 -0.1 -0.01 181.0 南
10:44:35: 111 22756 -0.56 -0.24 -0.02 182.0 南
10:44:36: 112 22955 -0.6 -0.18 -0.01 182.0 南
10:44:36: 113 23155 -0.67 0.09 -0.05 186.0 南
10:44:36: 114 23356 -0.48 0.01 -0.01 185.0 南
10:44:36: 115 23556 -1.04 0.34 0.04 188.0 南
10:44:36: 116 23755 -0.75 -0.18 -0.11 183.0 南
10:44:37: 117 23955 -1.08 -0.11 0.09 190.0 南
10:44:37: 118 24156 -0.88 -0.06 -0.08 192.0 南
10:44:37: 119 24355 -0.68 -0.23 0.01 192.0 南
10:44:37: 120 24555 -1.0 -0.01 -0.01 192.0 南
10:44:37: 121 24757 -0.85 -0.22 -0.06 191.0 南
10:44:38: 122 24956 -0.97 -0.31 0.04 193.0 南
10:44:38: 123 25156 -0.97 -0.38 -0.04 197.0 南
10:44:38: 124 25356 -0.82 -0.27 0.01 194.0 南
10:44:38: 125 25556 -0.87 -0.26 -0.01 193.0 南
10:44:38: 126 25756 -1.03 -0.24 -0.01 195.0 南
10:44:39: 127 25957 -0.77 -0.21 -0.03 194.0 南
10:44:39: 128 26155 -0.87 -0.16 0.03 196.0 南
10:44:39: 129 26355 -1.02 -0.29 0.0 192.0 南
10:44:39: 130 26555 -0.84 -0.27 -0.02 190.0 南
10:44:39: 131 26756 -0.84 -0.29 0.01 190.0 南
10:44:40: 132 26955 -0.97 -0.29 -0.04 193.0 南
10:44:40: 133 27156 -0.81 -0.2 -0.02 186.0 南
10:44:40: 134 27357 -0.74 -0.22 0.04 186.0 南
10:44:40: 135 27555 -0.82 -0.4 -0.01 186.0 南
10:44:40: 136 27756 -0.8 -0.62 -0.01 190.0 南
10:44:41: 137 27956 -0.35 -0.46 -0.04 183.0 南
10:44:41: 138 28155 -0.88 -0.24 0.0 186.0 南
10:44:41: 139 28355 -0.86 -0.29 0.01 186.0 南
10:44:41: 140 28556 -0.92 -0.06 -0.07 188.0 南
10:44:41: 141 28756 -1.1 -1.05 0.01 192.0 南
10:44:42: 142 28955 0.03 -1.82 -0.12 179.0 南
10:44:42: 143 29157 -1.28 0.09 0.19 189.0 南
10:44:42: 144 29355 -0.51 0.47 0.05 171.0 南
10:44:42: 145 29555 -0.1 1.7 0.37 162.0 南
10:44:42: 146 29756 1.12 2.21 -0.23 158.0 南
10:44:43: 147 29955 0.3 3.42 -0.06 156.0 东南
10:44:43: 148 30156 -1.2 4.14 -0.15 161.0 南
10:44:43: 149 30356 -1.01 4.31 0.06 164.0 南
10:44:43: 150 30556 -0.81 4.18 0.09 165.0 南
10:44:43: 151 30756 -1.11 4.04 0.07 164.0 南
10:44:44: 152 30964 -0.62 3.29 0.04 163.0 南
10:44:44: 153 31155 -0.74 3.34 -0.03 163.0 南
10:44:44: 154 31355 -0.71 2.87 0.01 163.0 南
10:44:44: 155 31556 -0.21 2.42 -0.06 162.0 南
10:44:44: 156 31755 -0.55 3.01 -0.1 161.0 南
10:44:45: 157 31957 0.27 2.26 -0.13 160.0 南
10:44:45: 158 32156 -0.64 2.97 -0.13 161.0 南
10:44:45: 159 32356 -0.26 3.22 -0.07 162.0 南
10:44:45: 160 32555 1.22 2.67 -0.06 161.0 南
10:44:45: 161 32756 -0.55 3.37 0.18 160.0 南
10:44:46: 162 32956 -0.12 3.4 -0.34 161.0 南
10:44:46: 163 33156 -0.85 3.25 -0.13 163.0 南
