07:50:38: 23 4968 0.31 2.97 0.0 0.0 北
07:50:38: 24 5169 0.51 2.87 0.0 0.0 北
07:50:38: 25 5371 1.23 2.15 0.0 0.0 北
07:50:38: 26 5572 2.26 1.74 0.0 0.0 北
07:50:39: 27 5773 2.26 2.05 0.0 0.0 北
07:50:39: 28 5975 2.46 2.26 0.0 0.0 北
07:50:39: 29 6176 4.41 1.54 0.0 0.0 北
07:50:39: 30 6380 4.72 1.23 0.0 0.0 北
07:50:39: 31 6579 5.13 0.82 0.0 0.0 北
07:50:40: 32 6781 5.54 0.72 0.0 0.0 北
07:50:40: 33 6982 5.74 0.51 0.0 0.0 北
07:50:40: 34 7183 6.05 0.41 0.0 0.0 北
07:50:40: 35 7385 6.36 0.31 0.0 0.0 北
07:50:40: 36 7586 6.46 0.1 0.0 0.0 北
07:50:41: 37 7788 6.56 0.0 0.0 0.0 北
07:50:41: 38 7989 6.77 0.21 0.0 0.0 北
07:50:41: 39 8190 7.08 0.21 0.0 0.0 北
07:50:41: 40 8392 6.67 0.0 0.0 0.0 北
07:50:41: 41 8593 6.56 0.0 0.0 0.0 北
07:50:42: 42 8795 6.56 0.0 0.0 0.0 北
07:50:42: 43 8996 6.77 0.0 0.0 0.0 北
07:50:42: 44 9201 6.67 0.0 0.0 0.0 北
07:50:42: 45 9399 6.46 0.1 0.0 0.0 北
07:50:42: 46 9600 6.26 -0.1 0.0 0.0 北
07:50:43: 47 9802 6.26 -0.21 0.0 0.0 北
07:50:43: 48 10003 6.46 0.0 0.0 0.0 北
07:50:43: 49 10205 6.36 -0.1 0.0 0.0 北
07:50:43: 50 10413 5.95 0.0 0.0 0.0 北
07:50:43: 51 10607 5.33 0.0 0.0 0.0 北
07:50:44: 52 10809 4.82 -0.31 0.0 0.0 北
07:50:44: 53 11010 4.72 0.0 0.0 0.0 北
07:50:44: 54 11213 4.31 0.21 0.0 0.0 北
07:50:44: 55 11414 4.2 0.21 0.0 0.0 北
07:50:44: 56 11614 4.0 0.31 0.0 0.0 北
07:50:45: 57 11816 3.9 0.31 0.0 0.0 北
07:50:45: 58 12017 3.79 0.31 0.0 0.0 北
07:50:45: 59 12219 3.79 0.31 0.0 0.0 北
07:50:45: 60 12420 3.69 0.31 0.0 0.0 北
07:50:45: 61 12634 3.69 0.31 0.0 0.0 北
07:50:46: 62 12823 3.69 0.31 0.0 0.0 北
07:50:46: 63 13024 3.69 0.31 0.0 0.0 北
07:50:46: 64 13226 3.69 0.31 0.0 0.0 北
07:50:46: 65 13427 3.69 0.31 0.0 0.0 北
07:50:46: 66 13629 3.69 0.31 0.0 0.0 北
07:50:47: 67 13830 3.69 0.31 0.0 0.0 北
07:50:47: 68 14032 3.69 0.31 0.0 0.0 北
07:50:47: 69 14233 3.69 0.31 0.0 0.0 北
07:50:47: 70 14436 3.69 0.31 0.0 0.0 北
07:50:48: 71 14636 3.69 0.31 0.0 0.0 北
07:50:48: 72 14846 3.69 0.31 0.0 0.0 北
07:50:48: 73 15056 3.69 0.31 0.0 0.0 北
07:50:48: 74 15240 3.69 0.31 0.0 0.0 北
07:50:48: 75 15441 3.69 0.31 0.0 0.0 北
07:50:49: 76 15643 3.69 0.31 0.0 0.0 北
07:50:49: 77 15845 3.69 0.31 0.0 0.0 北
07:50:49: 78 16046 3.69 0.31 0.0 0.0 北
07:50:49: 79 16248 3.69 0.31 0.0 0.0 北
07:50:49: 80 16449 3.69 0.41 0.0 0.0 北
07:50:50: 81 16650 3.69 0.41 0.0 0.0 北
07:50:50: 82 16851 3.69 0.41 0.0 0.0 北
07:50:50: 83 17054 3.69 0.41 0.0 0.0 北
07:50:50: 84 17254 3.69 0.41 0.0 0.0 北
07:50:50: 85 17456 3.69 0.41 0.0 0.0 北
07:50:51: 86 17657 3.69 0.41 0.0 0.0 北
07:50:51: 87 17858 3.69 0.31 0.0 0.0 北
07:50:51: 88 18061 3.69 0.41 0.0 0.0 北
07:50:51: 89 18262 3.69 0.31 0.0 0.0 北
07:50:51: 90 18463 3.69 0.41 0.0 0.0 北
07:50:52: 91 18664 3.69 0.41 0.0 0.0 北
07:50:52: 92 18867 3.69 0.41 0.0 0.0 北
07:50:52: 93 19067 3.69 0.41 0.0 0.0 北
07:50:52: 94 19269 3.69 0.62 0.0 0.0 北
07:50:52: 95 19470 4.2 0.62 0.0 0.0 北
07:50:53: 96 19671 3.79 0.31 0.0 0.0 北
07:50:53: 97 19873 3.38 0.1 0.0 0.0 北
07:50:53: 98 20075 2.87 0.0 0.0 0.0 北
07:50:53: 99 20276 3.59 1.44 0.0 0.0 北
07:50:53: 100 20478 0.41 0.0 0.0 0.0 北
07:50:54: 101 20680 -2.56 1.44 0.0 0.0 北
07:50:54: 102 20880 -2.46 0.92 0.0 0.0 北
07:50:54: 103 21081 -2.36 1.23 0.0 0.0 北
07:50:54: 104 21282 -2.46 1.13 0.0 0.0 北
07:50:54: 105 21484 -2.36 1.13 0.0 0.0 北
07:50:55: 106 21686 -2.46 1.13 0.0 0.0 北
07:50:55: 107 21887 -2.46 1.13 0.0 0.0 北
07:50:55: 108 22088 -2.46 1.23 0.0 0.0 北
07:50:55: 109 22290 -2.46 1.23 0.0 0.0 北
07:50:55: 110 22491 -2.46 1.23 0.0 0.0 北
07:50:56: 111 22692 -2.46 1.23 0.0 0.0 北
07:50:56: 112 22894 -2.46 1.23 0.0 0.0 北
07:50:56: 113 23095 -2.46 1.23 0.0 0.0 北
07:50:56: 114 23297 -2.46 1.23 0.0 0.0 北
07:50:56: 115 23498 -2.46 1.23 0.0 0.0 北
07:50:57: 116 23700 -2.46 1.23 0.0 0.0 北
07:50:57: 117 23901 -2.46 1.23 0.0 0.0 北
07:50:57: 118 24102 -2.46 1.23 0.0 0.0 北
07:50:57: 119 24304 -2.46 1.23 0.0 0.0 北
07:50:57: 120 24505 -2.46 1.23 0.0 0.0 北
07:50:58: 121 24707 -2.46 1.23 0.0 0.0 北
07:50:58: 122 24908 -2.46 1.23 0.0 0.0 北
07:50:58: 123 25109 -2.46 1.23 0.0 0.0 北
07:50:58: 124 25314 -2.46 1.23 0.0 0.0 北
07:50:58: 125 25512 -2.46 1.23 0.0 0.0 北
07:50:59: 126 25715 -2.46 1.23 0.0 0.0 北
07:50:59: 127 25917 -2.46 1.23 0.0 0.0 北
07:50:59: 128 26117 -2.46 1.23 0.0 0.0 北
07:50:59: 129 26318 -2.46 1.23 0.0 0.0 北
07:50:59: 130 26519 -2.46 1.23 0.0 0.0 北
07:51:00: 131 26722 -2.46 1.23 0.0 0.0 北
07:51:00: 132 26923 -2.46 1.23 0.0 0.0 北
07:51:00: 133 27124 -2.46 1.23 0.0 0.0 北
07:51:00: 134 27327 -2.46 1.23 0.0 0.0 北
07:51:00: 135 27562 -2.46 1.23 0.0 0.0 北
07:51:01: 136 27728 -2.46 1.23 0.0 0.0 北
07:51:01: 137 27930 -2.46 1.23 0.0 0.0 北
07:51:01: 138 28131 -2.46 1.23 0.0 0.0 北
07:51:01: 139 28332 -2.46 1.23 0.0 0.0 北
07:51:01: 140 28534 -2.46 1.23 0.0 0.0 北
07:51:02: 141 28735 -2.46 1.23 0.0 0.0 北
07:51:02: 142 28949 -2.46 1.23 0.0 0.0 北
07:51:02: 143 29138 -2.46 1.23 0.0 0.0 北
07:51:02: 144 29340 -2.46 1.23 0.0 0.0 北
07:51:02: 145 29541 -2.46 1.23 0.0 0.0 北
07:51:03: 146 29742 -2.46 1.23 0.0 0.0 北
07:51:03: 147 29948 -2.46 1.23 0.0 0.0 北
07:51:03: 148 30145 -2.46 1.23 0.0 0.0 北
07:51:03: 149 30346 -2.46 1.23 0.0 0.0 北
07:51:03: 150 30548 -2.46 1.23 0.0 0.0 北
07:51:04: 151 30750 -2.46 1.23 0.0 0.0 北
07:51:04: 152 30950 -2.46 1.23 0.0 0.0 北
07:51:04: 153 31152 -2.46 1.23 0.0 0.0 北
07:51:04: 154 31353 -2.46 1.23 0.0 0.0 北
07:51:04: 155 31555 -2.46 1.23 0.0 0.0 北
07:51:05: 156 31757 -2.46 1.23 0.0 0.0 北
07:51:05: 157 31958 -2.46 1.23 0.0 0.0 北
07:51:05: 158 32160 -2.46 1.23 0.0 0.0 北
07:51:05: 159 32361 -2.46 1.23 0.0 0.0 北
07:51:05: 160 32562 -2.46 1.23 0.0 0.0 北
07:51:06: 161 32765 -2.46 1.23 0.0 0.0 北
07:51:39: 24 4963 -0.62 5.33 0.0 0.0 北
07:51:39: 25 5164 -0.62 5.23 0.0 0.0 北
07:51:40: 26 5368 -0.62 5.23 0.0 0.0 北
07:51:40: 27 5567 -0.62 5.23 0.0 0.0 北
07:51:40: 28 5768 -0.62 5.23 0.0 0.0 北
07:51:40: 29 5969 -0.62 5.23 0.0 0.0 北
07:51:40: 30 6171 -0.62 5.23 0.0 0.0 北
07:51:41: 31 6373 -0.62 5.23 0.0 0.0 北
07:51:41: 32 6574 -0.62 5.23 0.0 0.0 北
07:51:41: 33 6777 -0.62 5.23 0.0 0.0 北
07:51:41: 34 6977 -0.62 5.23 0.0 0.0 北
07:51:41: 35 7178 -0.62 5.33 0.0 0.0 北
07:51:42: 36 7380 -0.51 5.23 0.0 0.0 北
07:51:42: 37 7582 -0.51 5.23 0.0 0.0 北
07:51:42: 38 7784 -0.62 5.23 0.0 0.0 北
07:51:42: 39 7984 -0.62 5.23 0.0 0.0 北
07:51:42: 40 8185 -0.62 5.33 0.0 0.0 北
07:51:43: 41 8387 -0.62 5.33 0.0 0.0 北
07:51:43: 42 8588 -0.62 5.23 0.0 0.0 北
07:51:43: 43 8790 -0.62 5.23 0.0 0.0 北
07:51:43: 44 8991 -0.62 5.23 0.0 0.0 北
07:51:43: 45 9192 -0.62 5.23 0.0 0.0 北
07:51:44: 46 9394 -0.62 5.23 0.0 0.0 北
07:51:44: 47 9596 -0.62 5.23 0.0 0.0 北
07:51:44: 48 9797 -0.62 5.23 0.0 0.0 北
07:51:44: 49 9998 -0.62 5.23 0.0 0.0 北
07:51:44: 50 10199 -0.62 5.23 0.0 0.0 北
07:51:45: 51 10401 -0.62 5.23 0.0 0.0 北
07:51:45: 52 10602 -0.62 5.33 0.0 0.0 北
07:51:45: 53 10804 -0.62 5.33 0.0 0.0 北
07:51:45: 54 11005 -0.62 5.23 0.0 0.0 北
07:51:45: 55 11206 -0.62 5.23 0.0 0.0 北
07:51:46: 56 11408 -0.62 5.23 0.0 0.0 北
07:51:46: 57 11610 -0.62 5.23 0.0 0.0 北
07:51:46: 58 11811 -0.62 5.23 0.0 0.0 北
07:51:46: 59 12012 -0.62 5.23 0.0 0.0 北
07:51:46: 60 12213 -0.62 5.23 0.0 0.0 北
07:51:47: 61 12416 -0.62 5.23 0.0 0.0 北
07:51:47: 62 12617 -0.62 5.33 0.0 0.0 北
07:51:47: 63 12818 -0.51 5.44 0.0 0.0 北
07:51:47: 64 13023 -0.51 5.33 0.0 0.0 北
07:51:47: 65 13221 -0.62 5.23 0.0 0.0 北
07:51:48: 66 13422 -0.62 5.23 0.0 0.0 北
07:51:48: 67 13623 -0.62 5.23 0.0 0.0 北
07:51:48: 68 13825 -0.62 5.23 0.0 0.0 北
07:51:48: 69 14042 -0.62 5.23 0.0 0.0 北
07:51:48: 70 14228 -0.62 5.23 0.0 0.0 北
07:51:49: 71 14430 -0.62 5.23 0.0 0.0 北
07:51:49: 72 14630 -0.62 5.23 0.0 0.0 北
07:51:49: 73 14833 -0.62 5.54 0.0 0.0 北
07:51:49: 74 15034 -0.62 5.44 0.0 0.0 北
07:51:49: 75 15235 -0.62 5.54 0.0 0.0 北
07:51:50: 76 15436 -0.51 5.54 0.0 0.0 北
07:51:50: 77 15638 -0.62 6.26 0.0 0.0 北
07:51:50: 78 15839 -0.62 6.46 0.0 0.0 北
07:51:50: 79 16040 -0.51 6.26 0.0 0.0 北
07:51:50: 80 16242 -0.51 5.85 0.0 0.0 北
07:51:51: 81 16443 -0.51 5.74 0.0 0.0 北
07:51:51: 82 16645 -0.51 5.64 0.0 0.0 北
07:51:51: 83 16846 -0.62 5.54 0.0 0.0 北
07:51:51: 84 17047 -0.62 5.54 0.0 0.0 北
07:51:51: 85 17249 -0.62 5.54 0.0 0.0 北
07:51:52: 86 17451 -0.62 5.54 0.0 0.0 北
07:51:52: 87 17652 -0.62 5.54 0.0 0.0 北
07:51:52: 88 17854 -0.51 5.54 0.0 0.0 北
07:51:52: 89 18067 -0.51 6.26 0.0 0.0 北
07:51:52: 90 18257 -0.51 6.26 0.0 0.0 北
07:51:53: 91 18458 -0.62 6.15 0.0 0.0 北
07:51:53: 92 18659 -0.41 6.15 0.0 0.0 北
07:51:53: 93 18860 -0.72 6.05 0.0 0.0 北
07:51:53: 94 19062 -0.51 5.95 0.0 0.0 北
07:51:53: 95 19263 -0.62 5.85 0.0 0.0 北
07:51:54: 96 19465 -0.62 5.85 0.0 0.0 北
07:51:54: 97 19666 -0.82 5.85 0.0 0.0 北
07:51:54: 98 19867 -0.31 5.64 0.0 0.0 北
07:51:54: 99 20069 -0.72 5.74 0.0 0.0 北
07:51:54: 100 20274 -0.21 5.74 0.0 0.0 北
07:51:55: 101 20472 -0.82 5.54 0.0 0.0 北
07:51:55: 102 20673 -0.62 5.64 0.0 0.0 北
07:51:55: 103 20875 -0.51 5.03 0.0 0.0 北
07:51:55: 104 21076 -0.72 4.92 0.0 0.0 北
07:51:55: 105 21278 -0.31 4.92 0.0 0.0 北
07:51:56: 106 21479 -0.62 4.72 0.0 0.0 北
07:51:56: 107 21682 -0.62 4.72 0.0 0.0 北
07:51:56: 108 21882 -0.51 5.03 0.0 0.0 北
07:51:56: 109 22083 -0.62 5.23 0.0 0.0 北
07:51:56: 110 22284 -0.51 5.13 0.0 0.0 北
07:51:57: 111 22486 -0.72 4.92 0.0 0.0 北
07:51:57: 112 22689 -0.41 5.03 0.0 0.0 北
07:51:57: 113 22889 -0.62 5.44 0.0 0.0 北
07:51:57: 114 23090 -0.62 5.23 0.0 0.0 北
07:51:57: 115 23292 -0.62 5.44 0.0 0.0 北
07:51:58: 116 23494 -0.51 5.23 0.0 0.0 北
07:51:58: 117 23694 -0.72 5.23 0.0 0.0 北
07:51:58: 118 23896 -0.41 4.82 0.0 0.0 北
07:51:58: 119 24097 -0.51 4.61 0.0 0.0 北
07:51:58: 120 24299 -0.62 5.03 0.0 0.0 北
07:51:59: 121 24501 -0.51 5.33 0.0 0.0 北
07:51:59: 122 24704 -0.62 5.33 0.0 0.0 北
07:51:59: 123 24903 -0.41 5.23 0.0 0.0 北
07:51:59: 124 25104 -0.41 5.44 0.0 0.0 北
07:51:59: 125 25306 -0.51 5.44 0.0 0.0 北
07:52:00: 126 25507 -0.62 5.33 0.0 0.0 北
07:52:00: 127 25708 -0.51 5.54 0.0 0.0 北
07:52:00: 128 25910 -0.51 5.54 0.0 0.0 北
07:52:00: 129 26112 -0.41 5.54 0.0 0.0 北
07:52:00: 130 26313 -0.51 5.54 0.0 0.0 北
07:52:01: 131 26514 -0.41 5.33 0.0 0.0 北
07:52:01: 132 26716 -0.72 5.54 0.0 0.0 北
07:52:01: 133 26917 -0.51 5.33 0.0 0.0 北
07:52:01: 134 27118 -0.51 5.44 0.0 0.0 北
07:52:01: 135 27320 -0.51 5.23 0.0 0.0 北
07:52:02: 136 27522 -0.51 5.23 0.0 0.0 北
07:52:02: 137 27724 -0.62 5.03 0.0 0.0 北
07:52:02: 138 27924 -0.41 4.72 0.0 0.0 北
07:52:02: 139 28126 -0.51 5.13 0.0 0.0 北
07:52:02: 140 28327 -0.41 5.23 0.0 0.0 北
07:52:03: 141 28529 -0.51 5.03 0.0 0.0 北
07:55:36: 22 4836 -0.72 7.28 0.0 0.0 北
07:55:36: 23 5037 -0.92 7.28 0.0 0.0 北
07:55:37: 24 5241 -1.03 7.28 0.0 0.0 北
07:55:37: 25 5440 -0.92 7.18 0.0 0.0 北
07:55:37: 26 5642 -1.13 7.08 0.0 0.0 北
07:55:37: 27 5844 -1.13 6.97 0.0 0.0 北
07:55:37: 28 6045 -1.13 7.08 0.0 0.0 北
07:55:38: 29 6246 -1.03 7.08 0.0 0.0 北
07:55:38: 30 6447 -1.23 6.87 0.0 0.0 北
07:55:38: 31 6649 -1.03 6.87 0.0 0.0 北
07:55:38: 32 6850 -1.13 6.87 0.0 0.0 北
07:55:39: 33 7052 -1.33 6.97 0.0 0.0 北
07:55:39: 34 7253 -1.13 6.87 0.0 0.0 北
07:55:39: 35 7455 -1.13 6.97 0.0 0.0 北
07:55:39: 36 7656 -1.13 6.97 0.0 0.0 北
07:55:39: 37 7858 -1.03 6.97 0.0 0.0 北
07:55:40: 38 8059 -0.92 6.97 0.0 0.0 北
07:55:40: 39 8262 -1.03 6.97 0.0 0.0 北
07:55:40: 40 8462 -1.03 6.87 0.0 0.0 北
07:55:40: 41 8663 -1.13 7.08 0.0 0.0 北
07:55:40: 42 8864 -1.23 6.87 0.0 0.0 北
07:55:41: 43 9068 -1.13 6.87 0.0 0.0 北
07:55:41: 44 9267 -1.33 6.87 0.0 0.0 北
07:55:41: 45 9469 -1.44 6.87 0.0 0.0 北
07:55:41: 46 9670 -1.34 6.92 0.0 0.0 北
07:55:42: 47 10241 -1.45 6.88 0.0 0.0 北
07:55:42: 48 10443 -1.31 6.88 0.0 0.0 北
07:55:42: 49 10644 -1.28 6.98 0.0 0.0 北
07:55:42: 50 10846 -1.22 6.89 0.0 0.0 北
07:55:43: 51 11047 -1.31 6.91 0.0 0.0 北
07:55:43: 52 11249 -1.28 6.88 0.0 0.0 北
07:55:43: 53 11450 -1.11 6.74 0.0 0.0 北
07:55:43: 54 11651 -1.25 6.74 0.0 0.0 北
07:55:43: 55 11853 -1.25 6.85 0.0 0.0 北
07:55:44: 56 12055 -1.25 6.68 0.0 0.0 北
07:55:44: 57 12255 -1.25 6.49 0.0 0.0 北
07:55:44: 58 12457 -1.37 6.54 0.0 0.0 北
07:55:44: 59 12658 -1.49 6.52 0.0 0.0 北
07:55:44: 60 12859 -1.62 6.38 0.0 0.0 北
07:55:45: 61 13061 -1.46 6.37 0.0 0.0 北
07:55:45: 62 13262 -1.37 6.52 0.0 0.0 北
07:55:45: 63 13464 -1.38 6.55 0.0 0.0 北
07:55:45: 64 13666 -1.45 6.48 0.0 0.0 北
07:55:45: 65 13867 -1.32 6.52 0.0 0.0 北
07:55:46: 66 14068 -1.32 6.52 0.0 0.0 北
07:55:46: 67 14269 -1.51 6.58 0.0 0.0 北
07:55:46: 68 14471 -1.42 6.43 0.0 0.0 北
07:55:46: 69 14672 -1.4 6.43 0.0 0.0 北
07:55:46: 70 14874 -1.31 6.41 0.0 0.0 北
07:55:47: 71 15086 -1.0 6.48 0.0 0.0 北
07:55:47: 72 15277 -1.43 6.65 0.0 0.0 北
07:55:47: 73 15478 -1.15 6.54 0.0 0.0 北
07:55:47: 74 15680 -1.2 6.68 0.0 0.0 北
07:55:47: 75 15881 -1.43 6.78 0.0 0.0 北
07:55:48: 76 16097 -1.25 6.74 0.0 0.0 北
07:55:48: 77 16283 -1.11 6.69 0.0 0.0 北
07:55:48: 78 16486 -1.32 6.71 0.0 0.0 北
07:55:48: 79 16687 -1.25 6.55 0.0 0.0 北
07:55:48: 80 16888 -1.26 6.52 0.0 0.0 北
07:55:49: 81 17155 -1.23 6.11 0.0 0.0 北
07:55:49: 82 17291 -1.48 5.85 0.0 0.0 北
07:55:49: 83 17636 -1.17 5.66 0.0 0.0 北
07:55:49: 84 17695 -1.25 5.38 0.0 0.0 北
07:55:49: 85 17898 -1.29 5.23 0.0 0.0 北
07:55:50: 86 18097 -1.43 5.29 0.0 0.0 北
07:55:50: 87 18298 -1.37 5.29 0.0 0.0 北
07:55:50: 88 18500 -1.49 5.46 0.0 0.0 北
07:55:50: 89 18701 -1.26 5.26 0.0 0.0 北
07:55:50: 90 18903 -1.38 5.49 0.0 0.0 北
07:55:51: 91 19104 -1.26 5.28 0.0 0.0 北
07:55:51: 92 19305 -1.05 5.26 0.0 0.0 北
07:55:51: 93 19507 -1.63 5.11 0.0 0.0 北
07:55:51: 94 19708 -1.23 5.28 0.0 0.0 北
07:55:51: 95 19909 -1.15 5.51 0.0 0.0 北
07:55:52: 96 20111 -0.98 5.54 0.0 0.0 北
07:55:52: 97 20315 -1.4 5.74 0.0 0.0 北
07:55:52: 98 20514 -1.08 6.0 0.0 0.0 北
07:55:52: 99 20716 -1.12 5.6 0.0 0.0 北
07:55:52: 100 20932 -1.06 5.35 0.0 0.0 北
07:55:53: 101 21118 -1.46 5.23 0.0 0.0 北
07:55:53: 102 21320 -1.54 5.15 0.0 0.0 北
07:55:53: 103 21521 -1.51 5.25 0.0 0.0 北
07:55:53: 104 21722 -1.74 5.55 0.0 0.0 北
07:55:53: 105 21928 -1.69 5.4 0.0 0.0 北
07:55:54: 106 22125 -1.71 5.89 0.0 0.0 北
07:55:54: 107 22326 -1.95 6.35 0.0 0.0 北
07:55:54: 108 22528 -1.72 6.29 0.0 0.0 北
07:55:54: 109 22730 -1.97 6.03 0.0 0.0 北
07:55:54: 110 22932 -1.89 6.11 0.0 0.0 北
07:55:55: 111 23133 -1.98 6.28 0.0 0.0 北
07:55:55: 112 23333 -1.83 6.2 0.0 0.0 北
07:55:55: 113 23536 -1.95 5.97 0.0 0.0 北
07:55:55: 114 23737 -1.8 5.68 0.0 0.0 北
07:55:55: 115 23938 -1.68 5.77 0.0 0.0 北
07:55:56: 116 24140 -1.83 5.75 0.0 0.0 北
07:55:56: 117 24342 -1.03 5.86 0.0 0.0 北
07:55:56: 118 24542 -1.25 6.41 0.0 0.0 北
07:55:56: 119 24744 -1.03 6.83 0.0 0.0 北
07:55:56: 120 24945 -0.22 7.0 0.0 0.0 北
07:55:57: 121 25147 -0.18 6.55 0.0 0.0 北
07:55:57: 122 25347 -0.22 6.91 0.0 0.0 北
07:55:57: 123 25549 -0.89 6.57 0.0 0.0 北
07:55:57: 124 25751 -0.58 5.77 0.0 0.0 北
07:55:57: 125 25969 -0.83 5.52 0.0 0.0 北
07:55:58: 126 26155 -0.95 5.52 0.0 0.0 北
07:55:58: 127 26354 -1.05 5.09 0.0 0.0 北
07:55:58: 128 26556 -1.02 4.77 0.0 0.0 北
07:55:58: 129 26759 -0.72 4.6 0.0 0.0 北
07:55:58: 130 26967 -0.58 4.29 0.0 0.0 北
07:55:59: 131 27160 -0.68 4.26 0.0 0.0 北
07:55:59: 132 27362 -0.58 4.11 0.0 0.0 北
07:55:59: 133 27581 -0.71 4.0 0.0 0.0 北
07:55:59: 134 27766 -0.75 4.0 0.0 0.0 北
07:55:59: 135 27967 -0.69 3.86 0.0 0.0 北
07:56:00: 136 28168 -0.65 3.69 0.0 0.0 北
07:56:00: 137 28369 -0.66 3.69 0.0 0.0 北
07:56:00: 138 28570 -0.63 3.69 0.0 0.0 北
07:56:00: 139 28771 -0.68 3.69 0.0 0.0 北
07:56:00: 140 28973 -0.72 3.69 0.0 0.0 北
07:56:01: 141 29174 -0.63 3.68 0.0 0.0 北
07:56:01: 142 29375 -0.62 3.69 0.0 0.0 北
07:56:01: 143 29577 -0.62 3.69 0.0 0.0 北
07:56:01: 144 29779 -0.65 3.69 0.0 0.0 北
07:56:01: 145 29981 -0.62 3.49 0.0 0.0 北
07:56:02: 146 30182 -0.62 3.42 0.0 0.0 北
07:56:02: 147 30383 -0.58 3.42 0.0 0.0 北
07:56:02: 148 30584 -0.65 3.17 0.0 0.0 北
07:56:02: 149 30786 -0.62 3.22 0.0 0.0 北
07:56:02: 150 30987 -0.62 3.25 0.0 0.0 北
07:56:03: 151 31189 -0.62 3.29 0.0 0.0 北
07:56:03: 152 31390 -0.62 3.28 0.0 0.0 北
07:56:03: 153 31591 -0.62 3.31 0.0 0.0 北
07:56:03: 154 31794 -0.62 3.29 0.0 0.0 北
07:56:03: 155 31995 -0.62 3.28 0.0 0.0 北
07:56:04: 156 32195 -0.62 3.23 0.0 0.0 北
07:56:04: 157 32398 -0.62 3.17 0.0 0.0 北
07:56:04: 158 32598 -0.62 3.23 0.0 0.0 北
07:56:04: 159 32800 -0.62 3.15 0.0 0.0 北
07:56:04: 160 33007 -0.62 3.12 0.0 0.0 北
07:56:05: 161 33203 -0.62 3.32 0.0 0.0 北
07:56:05: 162 33404 -0.62 3.68 0.0 0.0 北
07:56:05: 163 33606 -0.69 3.38 0.0 0.0 北
07:56:05: 164 33807 -0.66 3.14 0.0 0.0 北
07:56:05: 165 34008 -0.63 3.02 0.0 0.0 北
07:56:06: 166 34210 -0.63 2.75 0.0 0.0 北
07:56:06: 167 34411 -0.72 2.77 0.0 0.0 北
07:56:06: 168 34612 -0.77 2.77 0.0 0.0 北
07:56:06: 169 34814 -0.71 2.8 0.0 0.0 北
07:56:06: 170 35015 -0.66 2.86 0.0 0.0 北
07:56:07: 171 35218 -0.74 3.05 0.0 0.0 北
07:56:07: 172 35422 -0.77 2.97 0.0 0.0 北
07:56:07: 173 35620 -0.77 3.03 0.0 0.0 北
07:56:07: 174 35822 -0.82 3.02 0.0 0.0 北
07:56:07: 175 36024 -0.75 3.05 0.0 0.0 北
07:56:08: 176 36224 -0.71 3.02 0.0 0.0 北
07:56:08: 177 36425 -0.72 3.03 0.0 0.0 北
07:56:08: 178 36627 -0.69 3.05 0.0 0.0 北
07:56:08: 179 36828 -0.72 3.08 0.0 0.0 北
07:56:08: 180 37029 -0.75 3.03 0.0 0.0 北
07:56:09: 181 37231 -0.78 3.03 0.0 0.0 北
07:56:09: 182 37432 -0.69 3.08 0.0 0.0 北
07:56:09: 183 37634 -0.62 3.08 0.0 0.0 北
07:56:09: 184 37835 -0.65 3.08 0.0 0.0 北
07:56:09: 185 38036 -0.62 3.08 0.0 0.0 北
07:56:10: 186 38238 -0.66 3.08 0.0 0.0 北
07:56:10: 187 38440 -0.68 3.08 0.0 0.0 北
07:56:10: 188 38641 -0.63 3.08 0.0 0.0 北
07:56:10: 189 38843 -0.65 3.08 0.0 0.0 北
07:56:10: 190 39045 -0.69 3.08 0.0 0.0 北
07:56:11: 191 39245 -0.65 3.08 0.0 0.0 北
07:56:11: 192 39447 -0.69 3.08 0.0 0.0 北
07:56:11: 193 39648 -0.66 3.08 0.0 0.0 北
07:56:11: 194 39849 -0.62 3.08 0.0 0.0 北
07:56:12: 195 40096 -0.71 3.08 0.0 0.0 北
07:56:12: 196 40253 -0.66 3.65 0.0 0.0 北
07:56:12: 197 40454 -0.68 3.54 0.0 0.0 北
07:56:12: 198 40655 -0.69 3.52 0.0 0.0 北
07:56:12: 199 40857 -0.63 3.38 0.0 0.0 北
07:56:13: 200 41059 -0.62 3.38 0.0 0.0 北
07:56:13: 201 41260 -0.63 3.38 0.0 0.0 北
07:56:13: 202 41461 -0.65 3.38 0.0 0.0 北
07:56:13: 203 41662 -0.71 3.38 0.0 0.0 北
07:56:13: 204 41864 -0.82 3.52 0.0 0.0 北
07:56:14: 205 42065 -0.77 3.77 0.0 0.0 北
07:56:14: 206 42267 -0.92 4.0 0.0 0.0 北
07:56:14: 207 42467 -0.92 4.0 0.0 0.0 北
07:56:14: 208 42669 -0.92 4.06 0.0 0.0 北
07:56:14: 209 42871 -0.92 4.25 0.0 0.0 北
07:56:15: 210 43072 -0.97 4.05 0.0 0.0 北
07:56:15: 211 43274 -0.78 4.08 0.0 0.0 北
07:56:15: 212 43475 -1.02 4.25 0.0 0.0 北
07:56:15: 213 43676 -1.0 4.14 0.0 0.0 北
07:56:15: 214 43879 -0.92 4.09 0.0 0.0 北
07:56:16: 215 44080 -0.85 3.97 0.0 0.0 北
07:56:16: 216 44283 -0.58 4.4 0.0 0.0 北
07:56:16: 217 44482 -0.65 4.48 0.0 0.0 北
07:56:16: 218 44692 -0.72 4.0 0.0 0.0 北
07:56:16: 219 44884 -0.55 3.71 0.0 0.0 北
07:56:17: 220 45092 -0.6 3.35 0.0 0.0 北
07:56:17: 221 45289 -0.83 3.08 0.0 0.0 北
07:56:17: 222 45489 -0.63 2.95 0.0 0.0 北
07:56:17: 223 45690 -0.95 2.85 0.0 0.0 北
07:56:17: 224 45892 -0.75 2.72 0.0 0.0 北
07:56:18: 225 46093 -0.98 2.55 0.0 0.0 北
07:56:18: 226 46295 -0.82 2.32 0.0 0.0 北
07:56:18: 227 46496 -0.8 1.75 0.0 0.0 北
07:56:18: 228 46697 -0.74 1.94 0.0 0.0 北
07:56:18: 229 46899 -0.86 2.0 0.0 0.0 北
07:56:19: 230 47101 -0.68 2.12 0.0 0.0 北
07:56:19: 231 47302 -0.63 2.65 0.0 0.0 北
07:56:19: 232 47503 -0.89 2.68 0.0 0.0 北
07:56:19: 233 47704 -0.8 2.4 0.0 0.0 北
07:56:19: 234 47906 -0.74 2.43 0.0 0.0 北
07:56:20: 235 48108 -0.92 2.74 0.0 0.0 北
07:56:20: 236 48310 -0.75 2.75 0.0 0.0 北
07:56:20: 237 48510 -0.74 2.31 0.0 0.0 北
07:56:20: 238 48711 -0.74 1.85 0.0 0.0 北
07:56:20: 239 48913 -0.77 1.6 0.0 0.0 北
07:56:21: 240 49114 -0.82 1.08 0.0 0.0 北
07:56:21: 241 49316 -0.74 1.08 0.0 0.0 北
07:56:21: 242 49518 -0.63 0.97 0.0 0.0 北
07:56:21: 243 49719 -0.83 1.46 0.0 0.0 北
07:56:21: 244 49920 -0.62 1.48 0.0 0.0 北
07:56:22: 245 50122 -0.72 1.55 0.0 0.0 北
07:56:22: 246 50323 -0.66 1.68 0.0 0.0 北
07:56:22: 247 50524 -0.69 3.2 0.0 0.0 北
07:56:22: 248 50726 -0.72 2.52 0.0 0.0 北
07:56:22: 249 50927 -0.58 3.92 0.0 0.0 北
07:56:23: 250 51130 -0.78 3.58 0.0 0.0 北
07:56:54: 22 4959 -0.92 5.85 0.0 0.0 北
07:56:54: 23 5159 -0.92 5.85 0.0 0.0 北
07:56:54: 24 5361 -0.92 5.85 0.0 0.0 北
07:56:54: 25 5561 -0.92 5.85 0.0 0.0 北
07:56:54: 26 5763 -0.92 5.85 0.0 0.0 北
07:56:55: 27 5964 -0.92 5.85 0.0 0.0 北
07:56:55: 28 6166 -0.92 5.85 0.0 0.0 北
07:56:55: 29 6367 -0.92 5.85 0.0 0.0 北
07:56:55: 30 6569 -0.92 5.85 0.0 0.0 北
07:56:55: 31 6771 -0.92 5.85 0.0 0.0 北
07:56:56: 32 6972 -0.92 5.85 0.0 0.0 北
07:56:56: 33 7173 -0.92 5.85 0.0 0.0 北
07:56:56: 34 7375 -0.92 5.85 0.0 0.0 北
07:56:56: 35 7577 -0.92 5.85 0.0 0.0 北
07:56:56: 36 7777 -0.92 5.85 0.0 0.0 北
07:56:57: 37 7979 -0.92 5.85 0.0 0.0 北
07:56:57: 38 8180 -0.92 5.85 0.0 0.0 北
07:56:57: 39 8381 -0.98 5.85 0.0 0.0 北
07:56:57: 40 8583 -0.92 5.85 0.0 0.0 北
07:56:57: 41 8785 -0.92 5.85 0.0 0.0 北
07:56:58: 42 8986 -0.95 5.85 0.0 0.0 北
07:56:58: 43 9187 -0.92 5.78 0.0 0.0 北
07:56:58: 44 9388 -0.92 5.83 0.0 0.0 北
07:56:58: 45 9590 -0.92 5.85 0.0 0.0 北
07:56:58: 46 9792 -0.94 5.83 0.0 0.0 北
07:56:59: 47 9993 -0.92 5.85 0.0 0.0 北
07:56:59: 48 10195 -0.92 5.85 0.0 0.0 北
07:56:59: 49 10395 -0.94 5.83 0.0 0.0 北
07:56:59: 50 10597 -0.92 5.81 0.0 0.0 北
07:56:59: 51 10799 -0.92 5.81 0.0 0.0 北
07:57:00: 52 11000 -1.06 5.72 0.0 0.0 北
07:57:00: 53 11201 -1.05 5.58 0.0 0.0 北
07:57:00: 54 11403 -0.85 5.63 0.0 0.0 北
07:57:00: 55 11604 -0.91 5.54 0.0 0.0 北
07:57:00: 56 11805 -0.98 5.57 0.0 0.0 北
07:57:01: 57 12007 -0.97 5.58 0.0 0.0 北
07:57:01: 58 12211 -1.02 5.55 0.0 0.0 北
07:57:01: 59 12413 -1.14 5.51 0.0 0.0 北
07:57:01: 60 12612 -1.05 5.52 0.0 0.0 北
07:57:01: 61 12814 -1.14 5.54 0.0 0.0 北
07:57:02: 62 13014 -1.08 5.54 0.0 0.0 北
07:57:02: 63 13216 -1.15 5.54 0.0 0.0 北
07:57:02: 64 13417 -1.08 5.54 0.0 0.0 北
07:57:02: 65 13620 -1.22 5.54 0.0 0.0 北
07:57:02: 66 13820 -1.17 5.54 0.0 0.0 北
07:57:03: 67 14021 -1.15 5.54 0.0 0.0 北
07:57:03: 68 14222 -1.17 5.54 0.0 0.0 北
07:57:03: 69 14425 -1.09 5.54 0.0 0.0 北
07:57:03: 70 14625 -1.15 5.54 0.0 0.0 北
07:57:03: 71 14827 -1.14 5.54 0.0 0.0 北
07:57:04: 72 15058 -1.11 5.54 0.0 0.0 北
07:57:04: 73 15230 -1.11 5.54 0.0 0.0 北
07:57:04: 74 15432 -1.08 5.54 0.0 0.0 北
07:57:04: 75 15633 -1.02 5.54 0.0 0.0 北
07:57:04: 76 15834 -0.98 5.54 0.0 0.0 北
07:57:05: 77 16035 -1.02 5.54 0.0 0.0 北
07:57:05: 78 16240 -1.08 5.54 0.0 0.0 北
07:57:05: 79 16439 -1.11 5.54 0.0 0.0 北
07:57:05: 80 16639 -1.03 5.54 0.0 0.0 北
07:57:05: 81 16841 -1.06 5.54 0.0 0.0 北
07:57:06: 82 17043 -1.02 5.52 0.0 0.0 北
07:57:06: 83 17252 -1.05 5.54 0.0 0.0 北
07:57:06: 84 17445 -1.08 5.54 0.0 0.0 北
07:57:06: 85 17647 -1.12 5.54 0.0 0.0 北
07:57:06: 86 17848 -1.06 5.55 0.0 0.0 北
07:57:07: 87 18051 -1.08 5.55 0.0 0.0 北
07:57:07: 88 18254 -0.98 5.66 0.0 0.0 北
07:57:07: 89 18452 -0.89 5.94 0.0 0.0 北
07:57:07: 90 18654 -0.68 6.15 0.0 0.0 北
07:57:07: 91 18855 -0.63 6.15 0.0 0.0 北
07:57:08: 92 19057 -0.51 6.14 0.0 0.0 北
07:57:08: 93 19258 -0.55 6.08 0.0 0.0 北
07:57:08: 94 19460 -0.48 6.15 0.0 0.0 北
07:57:08: 95 19662 -0.58 6.12 0.0 0.0 北
07:57:08: 96 19863 -0.54 6.25 0.0 0.0 北
07:57:09: 97 20064 -0.62 6.41 0.0 0.0 北
07:57:09: 98 20265 -0.62 6.34 0.0 0.0 北
07:57:09: 99 20467 -0.74 6.25 0.0 0.0 北
07:57:09: 100 20668 -0.72 6.14 0.0 0.0 北
07:57:09: 101 20870 -0.62 6.14 0.0 0.0 北
07:57:10: 102 21071 -0.66 6.12 0.0 0.0 北
07:57:10: 103 21272 -0.68 6.09 0.0 0.0 北
07:57:10: 104 21475 -0.83 5.86 0.0 0.0 北
07:57:10: 105 21675 -1.02 5.77 0.0 0.0 北
07:57:10: 106 21876 -1.0 5.83 0.0 0.0 北
07:57:11: 107 22078 -0.98 5.85 0.0 0.0 北
07:57:11: 108 22280 -1.49 5.8 0.0 0.0 北
07:57:11: 109 22482 -1.4 5.81 0.0 0.0 北
07:57:11: 110 22682 -1.28 5.85 0.0 0.0 北
07:57:11: 111 22884 -1.15 5.8 0.0 0.0 北
07:57:12: 112 23085 -1.15 5.81 0.0 0.0 北
07:57:12: 113 23286 -1.15 5.71 0.0 0.0 北
07:57:12: 114 23488 -1.09 5.66 0.0 0.0 北
07:57:12: 115 23690 -1.26 5.21 0.0 0.0 北
07:57:13: 116 23891 -1.17 4.92 0.0 0.0 北
07:57:13: 117 24092 -1.0 4.92 0.0 0.0 北
07:57:13: 118 24295 -1.0 4.92 0.0 0.0 北
07:57:13: 119 24495 -1.02 4.92 0.0 0.0 北
07:57:13: 120 24696 -0.97 4.88 0.0 0.0 北
07:57:14: 121 24904 -0.85 4.91 0.0 0.0 北
07:57:14: 122 25099 -0.82 4.88 0.0 0.0 北
07:57:14: 123 25300 -0.88 4.89 0.0 0.0 北
07:57:14: 124 25502 -0.95 4.91 0.0 0.0 北
07:57:14: 125 25704 -0.85 4.92 0.0 0.0 北
07:57:15: 126 25904 -0.92 4.91 0.0 0.0 北
07:57:15: 127 26106 -0.92 4.89 0.0 0.0 北
07:57:15: 128 26307 -0.92 4.92 0.0 0.0 北
07:57:15: 129 26509 -0.92 4.91 0.0 0.0 北
07:57:15: 130 26710 -0.92 4.86 0.0 0.0 北
07:57:16: 131 26918 -0.92 4.8 0.0 0.0 北
07:57:16: 132 27114 -0.91 4.48 0.0 0.0 北
07:57:16: 133 27315 -1.14 3.54 0.0 0.0 北
07:57:16: 134 27562 -1.14 3.31 0.0 0.0 北
07:57:16: 135 27718 -0.74 2.86 0.0 0.0 北
07:57:17: 136 27919 -0.37 2.52 0.0 0.0 北
07:57:17: 137 28121 -0.28 2.48 0.0 0.0 北
07:57:17: 138 28322 -0.46 2.46 0.0 0.0 北
07:57:17: 139 28523 -0.42 2.45 0.0 0.0 北
07:57:17: 140 28725 -0.58 2.54 0.0 0.0 北
07:57:18: 141 28926 -0.58 2.58 0.0 0.0 北
07:57:18: 142 29128 -0.91 2.69 0.0 0.0 北
07:57:18: 143 29329 -1.06 2.92 0.0 0.0 北
07:57:18: 144 29530 -1.02 2.91 0.0 0.0 北
07:57:18: 145 29732 -1.0 2.89 0.0 0.0 北
07:57:19: 146 29933 -0.88 2.91 0.0 0.0 北
07:57:19: 147 30135 -0.91 2.86 0.0 0.0 北
07:57:19: 148 30336 -0.98 2.8 0.0 0.0 北
07:57:19: 149 30538 -1.03 2.77 0.0 0.0 北
07:57:19: 150 30739 -1.03 2.74 0.0 0.0 北
07:57:20: 151 30953 -1.06 2.74 0.0 0.0 北
07:57:20: 152 31142 -1.08 2.77 0.0 0.0 北
07:57:20: 153 31343 -1.05 2.69 0.0 0.0 北
07:57:20: 154 31544 -0.98 2.72 0.0 0.0 北
07:57:20: 155 31747 -1.06 2.63 0.0 0.0 北
07:57:21: 156 31959 -1.03 2.72 0.0 0.0 北
07:57:21: 157 32149 -1.11 2.74 0.0 0.0 北
07:57:21: 158 32350 -1.05 2.75 0.0 0.0 北
07:57:21: 159 32563 -0.97 2.75 0.0 0.0 北
07:57:21: 160 32753 -1.03 2.68 0.0 0.0 北
07:57:22: 161 32955 -0.94 2.75 0.0 0.0 北
07:57:22: 162 33157 -1.0 2.77 0.0 0.0 北
07:57:22: 163 33357 -0.92 2.77 0.0 0.0 北
07:57:22: 164 33559 -0.94 2.77 0.0 0.0 北
07:57:22: 165 33760 -0.98 2.77 0.0 0.0 北
07:57:23: 166 33962 -0.92 2.77 0.0 0.0 北
07:57:23: 167 34164 -0.97 2.77 0.0 0.0 北
07:57:23: 168 34365 -0.92 2.71 0.0 0.0 北
07:57:23: 169 34566 -1.03 2.72 0.0 0.0 北
07:57:23: 170 34767 -1.06 2.75 0.0 0.0 北
07:57:24: 171 34969 -0.98 2.74 0.0 0.0 北
07:57:24: 172 35170 -1.02 2.71 0.0 0.0 北
07:57:24: 173 35371 -1.08 2.66 0.0 0.0 北
07:57:24: 174 35573 -1.05 2.66 0.0 0.0 北
07:57:24: 175 35775 -1.02 2.65 0.0 0.0 北
07:57:25: 176 35977 -1.08 2.71 0.0 0.0 北
07:57:25: 177 36177 -1.09 2.66 0.0 0.0 北
07:57:25: 178 36378 -1.09 2.68 0.0 0.0 北
07:57:25: 179 36580 -1.06 2.65 0.0 0.0 北
07:57:25: 180 36782 -1.03 2.62 0.0 0.0 北
07:57:26: 181 36982 -1.05 2.63 0.0 0.0 北
07:57:26: 182 37185 -1.05 2.62 0.0 0.0 北
07:57:26: 183 37386 -1.08 2.66 0.0 0.0 北
07:57:26: 184 37587 -1.08 2.66 0.0 0.0 北
07:57:26: 185 37788 -1.08 2.65 0.0 0.0 北
07:57:27: 186 37990 -1.06 2.63 0.0 0.0 北
07:57:27: 187 38191 -1.09 2.65 0.0 0.0 北
07:57:27: 188 38393 -1.03 2.62 0.0 0.0 北
07:57:27: 189 38595 -1.08 2.63 0.0 0.0 北
07:57:27: 190 38796 -1.06 2.6 0.0 0.0 北
07:57:28: 191 38998 -1.02 2.62 0.0 0.0 北
07:57:28: 192 39198 -1.03 2.62 0.0 0.0 北
07:57:28: 193 39401 -1.06 2.65 0.0 0.0 北
07:57:28: 194 39602 -1.03 2.62 0.0 0.0 北
07:57:28: 195 39834 -1.08 2.63 0.0 0.0 北
07:57:29: 196 40004 -1.05 2.6 0.0 0.0 北
07:57:29: 197 40206 -0.98 2.63 0.0 0.0 北
07:57:29: 198 40407 -1.12 2.71 0.0 0.0 北
07:57:29: 199 40609 -0.97 2.65 0.0 0.0 北
07:57:29: 200 40810 -1.06 2.68 0.0 0.0 北
07:57:30: 201 41011 -0.97 2.62 0.0 0.0 北
07:57:30: 202 41213 -0.97 2.6 0.0 0.0 北
07:57:30: 203 41414 -1.06 2.58 0.0 0.0 北
07:57:30: 204 41616 -1.05 2.58 0.0 0.0 北
07:57:30: 205 41816 -1.02 2.55 0.0 0.0 北
07:57:31: 206 42018 -0.92 2.58 0.0 0.0 北
07:57:31: 207 42219 -0.98 2.6 0.0 0.0 北
07:57:31: 208 42421 -0.98 2.57 0.0 0.0 北
07:57:31: 209 42622 -0.98 2.55 0.0 0.0 北
07:57:31: 210 42824 -0.98 2.57 0.0 0.0 北
07:57:32: 211 43025 -0.97 2.62 0.0 0.0 北
07:57:32: 212 43226 -0.95 2.6 0.0 0.0 北
07:57:32: 213 43429 -0.95 2.52 0.0 0.0 北
07:57:32: 214 43630 -0.97 2.6 0.0 0.0 北
07:57:32: 215 43831 -0.94 2.65 0.0 0.0 北
07:57:33: 216 44032 -0.94 2.63 0.0 0.0 北
07:57:33: 217 44234 -0.94 2.65 0.0 0.0 北
07:57:33: 218 44435 -0.97 2.62 0.0 0.0 北
07:57:33: 219 44637 -0.97 2.62 0.0 0.0 北
07:57:33: 220 44837 -0.98 2.57 0.0 0.0 北
07:57:34: 221 45069 -0.95 2.62 0.0 0.0 北
07:57:34: 222 45240 -1.03 2.66 0.0 0.0 北
07:57:34: 223 45442 -0.97 2.55 0.0 0.0 北
07:57:34: 224 45643 -0.97 2.51 0.0 0.0 北
07:57:34: 225 45845 -1.03 2.51 0.0 0.0 北
07:57:35: 226 46046 -0.98 2.48 0.0 0.0 北
07:57:35: 227 46247 -0.98 2.46 0.0 0.0 北
07:57:35: 228 46449 -0.98 2.49 0.0 0.0 北
07:57:35: 229 46650 -0.95 2.54 0.0 0.0 北
07:57:35: 230 46852 -0.95 2.55 0.0 0.0 北
07:57:36: 231 47054 -0.94 2.57 0.0 0.0 北
07:57:36: 232 47255 -0.92 2.6 0.0 0.0 北
07:57:36: 233 47457 -0.97 2.57 0.0 0.0 北
07:57:36: 234 47677 -0.97 2.55 0.0 0.0 北
07:57:36: 235 47859 -0.95 2.54 0.0 0.0 北
07:57:37: 236 48061 -0.95 2.58 0.0 0.0 北
07:57:37: 237 48262 -0.94 2.52 0.0 0.0 北
07:57:37: 238 48463 -0.92 2.55 0.0 0.0 北
07:57:37: 239 48665 -0.95 2.52 0.0 0.0 北
07:57:37: 240 48866 -0.92 2.58 0.0 0.0 北
07:57:38: 241 49068 -0.95 2.58 0.0 0.0 北
07:57:38: 242 49270 -0.92 2.55 0.0 0.0 北
07:57:38: 243 49470 -0.95 2.57 0.0 0.0 北
07:57:38: 244 49672 -0.92 2.55 0.0 0.0 北
07:57:38: 245 49873 -0.94 2.49 0.0 0.0 北
07:57:39: 246 50077 -0.92 2.52 0.0 0.0 北
07:57:39: 247 50276 -0.97 2.51 0.0 0.0 北
07:57:39: 248 50478 -0.95 2.46 0.0 0.0 北
07:57:39: 249 50679 -0.95 2.46 0.0 0.0 北
07:57:39: 250 50880 -0.92 2.49 0.0 0.0 北
07:57:40: 251 51083 -0.95 2.48 0.0 0.0 北
07:57:40: 252 51283 -0.92 2.49 0.0 0.0 北
07:57:40: 253 51484 -0.97 2.54 0.0 0.0 北
07:57:40: 254 51686 -0.95 2.52 0.0 0.0 北
07:57:40: 255 51888 -0.95 2.54 0.0 0.0 北
07:57:41: 256 52088 -0.95 2.54 0.0 0.0 北
07:57:41: 257 52290 -0.97 2.54 0.0 0.0 北
07:57:41: 258 52492 -0.92 2.57 0.0 0.0 北
07:57:41: 259 52693 -0.98 2.51 0.0 0.0 北
07:57:42: 260 52895 -0.94 2.49 0.0 0.0 北
07:57:42: 261 53096 -0.92 2.55 0.0 0.0 北
07:57:42: 262 53298 -0.98 2.54 0.0 0.0 北
07:57:42: 263 53518 -1.0 2.51 0.0 0.0 北
07:57:42: 264 53701 -0.95 2.49 0.0 0.0 北
07:57:43: 265 53903 -0.98 2.51 0.0 0.0 北
07:57:43: 266 54103 -0.94 2.48 0.0 0.0 北
07:57:43: 267 54305 -1.05 2.46 0.0 0.0 北
07:57:43: 268 54506 -1.0 2.46 0.0 0.0 北
07:58:15: 23 4821 -0.92 6.77 0.0 0.0 北
07:58:15: 24 5047 -0.62 6.46 0.0 0.0 北
07:58:15: 25 5224 -0.51 6.56 0.0 0.0 北
07:58:15: 26 5428 -0.82 6.56 0.0 0.0 北
07:58:15: 27 5627 -0.62 6.46 0.0 0.0 北
07:58:16: 28 5829 -0.82 6.56 0.0 0.0 北
07:58:16: 29 6030 -0.82 6.56 0.0 0.0 北
07:58:16: 30 6232 -0.92 6.77 0.0 0.0 北
07:58:16: 31 6435 -0.72 6.67 0.0 0.0 北
07:58:16: 32 6634 -0.72 6.56 0.0 0.0 北
07:58:17: 33 6836 -0.72 6.36 0.0 0.0 北
07:58:17: 34 7037 -0.62 6.46 0.0 0.0 北
07:58:17: 35 7239 -0.92 6.67 0.0 0.0 北
07:58:17: 36 7440 -0.62 6.56 0.0 0.0 北
07:58:17: 37 7641 -0.72 6.46 0.0 0.0 北
07:58:18: 38 7844 -0.92 6.46 0.0 0.0 北
07:58:18: 39 8045 -0.82 6.26 0.0 0.0 北
07:58:18: 40 8246 -0.82 6.26 0.0 0.0 北
07:58:18: 41 8447 -0.82 6.36 0.0 0.0 北
07:58:18: 42 8649 -1.03 6.26 0.0 0.0 北
07:58:19: 43 8850 -0.72 6.36 0.0 0.0 北
07:58:19: 44 9052 -0.72 6.26 0.0 0.0 北
07:58:19: 45 9252 -1.03 6.46 0.0 0.0 北
07:58:19: 46 9454 -1.49 6.51 0.0 0.0 北
07:58:20: 47 9914 -1.45 6.31 0.0 0.0 北
07:58:20: 48 10115 -0.83 6.45 0.0 0.0 北
07:58:20: 49 10317 -1.32 6.46 0.0 0.0 北
07:58:20: 50 10518 -1.42 6.45 0.0 0.0 北
07:58:21: 51 10719 -1.18 6.12 0.0 0.0 北
07:58:21: 52 10921 -1.05 6.52 0.0 0.0 北
07:58:21: 53 11123 -1.34 6.49 0.0 0.0 北
07:58:21: 54 11323 -1.06 6.34 0.0 0.0 北
07:58:21: 55 11525 -1.08 6.41 0.0 0.0 北
07:58:22: 56 11727 -1.08 6.43 0.0 0.0 北
07:58:22: 57 11928 -0.75 6.37 0.0 0.0 北
07:58:22: 58 12130 -0.77 6.4 0.0 0.0 北
07:58:22: 59 12331 -1.05 6.38 0.0 0.0 北
07:58:22: 60 12544 -0.86 6.43 0.0 0.0 北
07:58:23: 61 12734 -1.0 6.4 0.0 0.0 北
07:58:23: 62 12935 -0.98 6.31 0.0 0.0 北
07:58:23: 63 13136 -1.08 6.32 0.0 0.0 北
07:58:23: 64 13338 -1.2 6.31 0.0 0.0 北
07:58:23: 65 13542 -1.05 6.34 0.0 0.0 北
07:58:24: 66 13741 -1.12 6.32 0.0 0.0 北
07:58:24: 67 13943 -1.11 6.28 0.0 0.0 北
07:58:24: 68 14145 -1.18 6.35 0.0 0.0 北
07:58:24: 69 14345 -1.14 6.35 0.0 0.0 北
07:58:24: 70 14546 -1.03 6.25 0.0 0.0 北
07:58:25: 71 14749 -1.15 6.31 0.0 0.0 北
07:58:25: 72 14949 -1.03 6.32 0.0 0.0 北
07:58:25: 73 15151 -1.05 6.32 0.0 0.0 北
07:58:25: 74 15352 -1.05 6.31 0.0 0.0 北
07:58:25: 75 15553 -0.89 6.29 0.0 0.0 北
07:58:26: 76 15755 -0.92 6.38 0.0 0.0 北
07:58:26: 77 15956 -1.03 6.21 0.0 0.0 北
07:58:26: 78 16158 -0.94 6.35 0.0 0.0 北
07:58:26: 79 16362 -1.02 6.38 0.0 0.0 北
07:58:26: 80 16562 -1.03 6.2 0.0 0.0 北
07:58:27: 81 16762 -0.92 6.15 0.0 0.0 北
07:58:27: 82 16977 -0.92 6.2 0.0 0.0 北
07:58:27: 83 17165 -1.02 6.32 0.0 0.0 北
07:58:27: 84 17368 -1.06 6.38 0.0 0.0 北
07:58:27: 85 17569 -0.92 6.2 0.0 0.0 北
07:58:28: 86 17769 -1.03 6.2 0.0 0.0 北
07:58:28: 87 17976 -1.02 6.35 0.0 0.0 北
07:58:28: 88 18172 -1.28 6.29 0.0 0.0 北
07:58:28: 89 18373 -1.46 6.26 0.0 0.0 北
07:58:28: 90 18576 -1.37 6.28 0.0 0.0 北
07:58:29: 91 18776 -1.25 6.25 0.0 0.0 北
07:58:29: 92 18978 -1.29 6.29 0.0 0.0 北
07:58:29: 93 19179 -1.37 6.35 0.0 0.0 北
07:58:29: 94 19381 -1.34 6.26 0.0 0.0 北
07:58:29: 95 19584 -1.46 6.31 0.0 0.0 北
07:58:30: 96 19784 -1.37 6.37 0.0 0.0 北
07:58:30: 97 19985 -1.38 6.31 0.0 0.0 北
07:58:30: 98 20186 -1.49 6.15 0.0 0.0 北
07:58:30: 99 20388 -1.46 6.2 0.0 0.0 北
07:58:30: 100 20590 -1.32 6.26 0.0 0.0 北
07:58:31: 101 20790 -1.23 6.32 0.0 0.0 北
07:58:31: 102 20992 -1.17 6.21 0.0 0.0 北
07:58:31: 103 21195 -1.23 6.15 0.0 0.0 北
07:58:31: 104 21396 -1.0 6.09 0.0 0.0 北
07:58:31: 105 21596 -1.12 6.21 0.0 0.0 北
07:58:32: 106 21798 -1.17 6.15 0.0 0.0 北
07:58:32: 107 21999 -1.32 6.09 0.0 0.0 北
07:58:32: 108 22204 -1.25 6.17 0.0 0.0 北
07:58:32: 109 22403 -1.25 6.14 0.0 0.0 北
07:58:32: 110 22603 -1.15 6.17 0.0 0.0 北
07:58:33: 111 22805 -1.15 6.11 0.0 0.0 北
07:58:33: 112 23006 -1.17 6.14 0.0 0.0 北
07:58:33: 113 23208 -1.05 6.12 0.0 0.0 北
07:58:33: 114 23409 -0.97 6.11 0.0 0.0 北
07:58:33: 115 23611 -1.06 6.11 0.0 0.0 北
07:58:34: 116 23812 -1.17 6.17 0.0 0.0 北
07:58:34: 117 24013 -1.11 6.11 0.0 0.0 北
07:58:34: 118 24216 -1.2 6.14 0.0 0.0 北
07:58:34: 119 24416 -1.25 6.03 0.0 0.0 北
07:58:34: 120 24618 -1.11 6.08 0.0 0.0 北
07:58:35: 121 24819 -1.11 6.14 0.0 0.0 北
07:58:35: 122 25064 -1.22 6.08 0.0 0.0 北
07:58:35: 123 25222 -1.14 6.08 0.0 0.0 北
07:58:35: 124 25423 -1.02 5.97 0.0 0.0 北
07:58:35: 125 25625 -0.91 6.4 0.0 0.0 北
07:58:36: 126 25826 -1.23 6.11 0.0 0.0 北
07:58:36: 127 26028 -0.92 6.18 0.0 0.0 北
07:58:36: 128 26230 -0.77 6.17 0.0 0.0 北
07:58:36: 129 26432 -0.95 6.09 0.0 0.0 北
07:58:36: 130 26632 -0.95 6.09 0.0 0.0 北
07:58:37: 131 26833 -1.0 6.18 0.0 0.0 北
07:58:37: 132 27035 -0.89 6.09 0.0 0.0 北
07:58:37: 133 27238 -0.83 6.11 0.0 0.0 北
07:58:37: 134 27438 -1.03 6.2 0.0 0.0 北
07:58:37: 135 27639 -1.09 6.15 0.0 0.0 北
07:58:38: 136 27840 -1.08 6.06 0.0 0.0 北
07:58:38: 137 28042 -1.14 5.88 0.0 0.0 北
07:58:38: 138 28246 -1.26 6.09 0.0 0.0 北
07:58:38: 139 28446 -1.35 5.94 0.0 0.0 北
07:58:38: 140 28647 -1.15 6.0 0.0 0.0 北
07:58:39: 141 28847 -1.09 6.23 0.0 0.0 北
07:58:39: 142 29049 -1.29 6.01 0.0 0.0 北
07:58:39: 143 29250 -1.18 5.86 0.0 0.0 北
07:58:39: 144 29453 -1.17 5.98 0.0 0.0 北
07:58:39: 145 29658 -0.97 5.94 0.0 0.0 北
07:58:40: 146 29854 -1.14 6.17 0.0 0.0 北
07:58:40: 147 30056 -1.23 5.91 0.0 0.0 北
07:58:40: 148 30259 -1.15 5.97 0.0 0.0 北
07:58:40: 149 30458 -1.09 6.05 0.0 0.0 北
07:58:40: 150 30667 -1.29 5.94 0.0 0.0 北
07:58:41: 151 30861 -1.22 5.86 0.0 0.0 北
07:58:41: 152 31063 -1.37 5.81 0.0 0.0 北
07:58:41: 153 31265 -1.25 6.05 0.0 0.0 北
07:58:41: 154 31466 -1.32 6.09 0.0 0.0 北
07:58:41: 155 31667 -1.4 5.86 0.0 0.0 北
07:58:42: 156 31868 -1.18 5.94 0.0 0.0 北
07:58:42: 157 32070 -1.17 5.86 0.0 0.0 北
07:58:42: 158 32272 -1.17 5.92 0.0 0.0 北
07:58:42: 159 32474 -1.02 6.03 0.0 0.0 北
07:58:42: 160 32674 -1.05 6.06 0.0 0.0 北
07:58:43: 161 32876 -0.86 6.05 0.0 0.0 北
07:58:43: 162 33078 -0.94 5.91 0.0 0.0 北
07:58:43: 163 33278 -0.98 5.88 0.0 0.0 北
07:58:43: 164 33481 -1.0 5.98 0.0 0.0 北
07:58:43: 165 33681 -1.12 5.97 0.0 0.0 北
07:58:44: 166 33882 -1.25 6.09 0.0 0.0 北
07:58:44: 167 34084 -1.14 5.75 0.0 0.0 北
07:58:44: 168 34289 -1.22 5.72 0.0 0.0 北
07:58:44: 169 34488 -1.15 5.86 0.0 0.0 北
07:58:44: 170 34689 -1.29 5.65 0.0 0.0 北
07:58:45: 171 34889 -1.08 5.68 0.0 0.0 北
07:58:45: 172 35091 -1.08 5.75 0.0 0.0 北
07:58:45: 173 35294 -1.17 5.63 0.0 0.0 北
07:58:45: 174 35497 -1.15 5.63 0.0 0.0 北
07:58:45: 175 35695 -1.03 5.77 0.0 0.0 北
07:58:46: 176 35897 -1.22 5.57 0.0 0.0 北
07:58:46: 177 36098 -0.98 5.8 0.0 0.0 北
07:58:46: 178 36301 -1.09 5.69 0.0 0.0 北
07:58:46: 179 36501 -1.15 5.54 0.0 0.0 北
07:58:46: 180 36702 -0.88 5.65 0.0 0.0 北
07:58:47: 181 36904 -1.06 5.65 0.0 0.0 北
07:58:47: 182 37105 -1.0 5.74 0.0 0.0 北
07:58:47: 183 37307 -1.18 5.66 0.0 0.0 北
07:58:47: 184 37509 -1.26 5.46 0.0 0.0 北
07:58:47: 185 37709 -1.17 5.66 0.0 0.0 北
07:58:48: 186 37911 -1.09 5.61 0.0 0.0 北
07:58:48: 187 38113 -1.49 5.49 0.0 0.0 北
07:58:48: 188 38314 -1.11 5.78 0.0 0.0 北
07:58:48: 189 38515 -1.26 5.8 0.0 0.0 北
07:58:48: 190 38718 -1.22 5.65 0.0 0.0 北
07:58:49: 191 38918 -1.05 5.71 0.0 0.0 北
07:58:49: 192 39120 -1.03 5.83 0.0 0.0 北
07:58:49: 193 39322 -1.11 5.95 0.0 0.0 北
07:58:49: 194 39522 -1.2 5.75 0.0 0.0 北
07:58:50: 195 39724 -0.98 5.77 0.0 0.0 北
07:58:50: 196 39925 -1.12 5.75 0.0 0.0 北
07:58:50: 197 40127 -1.29 5.86 0.0 0.0 北
07:58:50: 198 40328 -1.15 5.74 0.0 0.0 北
07:58:50: 199 40530 -1.17 5.72 0.0 0.0 北
07:58:51: 200 40731 -1.23 5.69 0.0 0.0 北
07:58:51: 201 40933 -1.15 5.78 0.0 0.0 北
07:58:51: 202 41134 -1.35 5.71 0.0 0.0 北
07:58:51: 203 41335 -1.26 5.75 0.0 0.0 北
07:58:51: 204 41538 -1.2 5.68 0.0 0.0 北
07:58:52: 205 41738 -1.34 5.78 0.0 0.0 北
07:58:52: 206 41940 -1.09 5.68 0.0 0.0 北
07:58:52: 207 42142 -1.35 5.29 0.0 0.0 北
07:58:52: 208 42342 -1.34 5.45 0.0 0.0 北
07:58:52: 209 42574 -1.14 5.43 0.0 0.0 北
07:58:53: 210 42745 -1.32 5.32 0.0 0.0 北
07:58:53: 211 42946 -1.35 5.38 0.0 0.0 北
07:58:53: 212 43147 -1.18 5.4 0.0 0.0 北
07:58:53: 213 43349 -1.31 5.31 0.0 0.0 北
07:58:53: 214 43551 -1.18 5.45 0.0 0.0 北
07:58:54: 215 43752 -1.17 5.12 0.0 0.0 北
07:58:54: 216 43953 -1.02 5.41 0.0 0.0 北
07:58:54: 217 44156 -1.02 5.6 0.0 0.0 北
07:58:54: 218 44358 -1.14 5.58 0.0 0.0 北
07:58:54: 219 44559 -1.25 5.41 0.0 0.0 北
07:58:55: 220 44759 -1.14 5.48 0.0 0.0 北
07:58:55: 221 44961 -0.95 5.41 0.0 0.0 北
07:58:55: 222 45162 -1.25 5.51 0.0 0.0 北
07:58:55: 223 45365 -1.25 5.55 0.0 0.0 北
07:58:55: 224 45565 -1.52 5.46 0.0 0.0 北
07:58:56: 225 45766 -1.42 5.54 0.0 0.0 北
07:58:56: 226 45969 -1.48 5.45 0.0 0.0 北
07:58:56: 227 46169 -1.62 5.45 0.0 0.0 北
07:58:56: 228 46371 -1.45 5.43 0.0 0.0 北
07:58:56: 229 46572 -1.31 5.41 0.0 0.0 北
07:58:57: 230 46773 -1.46 5.26 0.0 0.0 北
07:58:57: 231 46974 -1.35 5.26 0.0 0.0 北
07:58:57: 232 47176 -1.32 5.29 0.0 0.0 北
07:58:57: 233 47378 -1.31 5.29 0.0 0.0 北
07:58:57: 234 47579 -1.4 5.25 0.0 0.0 北
07:58:58: 235 47780 -1.29 5.32 0.0 0.0 北
07:58:58: 236 47994 -1.22 5.26 0.0 0.0 北
07:58:58: 237 48183 -1.25 5.4 0.0 0.0 北
07:58:58: 238 48384 -1.28 5.45 0.0 0.0 北
07:58:58: 239 48586 -1.08 5.28 0.0 0.0 北
07:58:59: 240 48792 -1.32 5.26 0.0 0.0 北
07:58:59: 241 48994 -1.23 5.18 0.0 0.0 北
07:58:59: 242 49190 -1.11 5.01 0.0 0.0 北
07:58:59: 243 49391 -1.18 4.95 0.0 0.0 北
07:58:59: 244 49593 -1.06 5.06 0.0 0.0 北
07:59:00: 245 49794 -1.31 4.97 0.0 0.0 北
07:59:00: 246 49996 -1.28 5.31 0.0 0.0 北
07:59:00: 247 50197 -1.32 5.31 0.0 0.0 北
07:59:00: 248 50399 -1.34 5.08 0.0 0.0 北
07:59:00: 249 50600 -1.26 5.74 0.0 0.0 北
07:59:01: 250 50801 -1.89 5.63 0.0 0.0 北
07:59:01: 251 51003 -1.14 5.68 0.0 0.0 北
07:59:01: 252 51204 -1.32 5.63 0.0 0.0 北
07:59:01: 253 51406 -1.38 5.38 0.0 0.0 北
07:59:01: 254 51607 -0.94 5.52 0.0 0.0 北
07:59:02: 255 51808 -1.22 5.77 0.0 0.0 北
07:59:02: 256 52010 -1.55 5.58 0.0 0.0 北
07:59:02: 257 52211 -1.32 5.63 0.0 0.0 北
07:59:02: 258 52413 -1.38 5.71 0.0 0.0 北
07:59:02: 259 52614 -1.12 5.61 0.0 0.0 北
07:59:03: 260 52816 -1.23 5.83 0.0 0.0 北
07:59:03: 261 53017 -1.14 5.75 0.0 0.0 北
07:59:03: 262 53218 -1.14 5.78 0.0 0.0 北
07:59:03: 263 53420 -1.18 5.63 0.0 0.0 北
07:59:03: 264 53621 -1.06 5.69 0.0 0.0 北
07:59:04: 265 53823 -1.05 5.6 0.0 0.0 北
07:59:04: 266 54024 -1.0 5.41 0.0 0.0 北
07:59:04: 267 54226 -1.02 5.71 0.0 0.0 北
07:59:04: 268 54427 -1.12 5.61 0.0 0.0 北
07:59:04: 269 54628 -1.11 5.46 0.0 0.0 北
07:59:05: 270 54830 -1.08 5.51 0.0 0.0 北
07:59:05: 271 55041 -1.02 5.52 0.0 0.0 北
07:59:05: 272 55232 -1.09 5.49 0.0 0.0 北
07:59:05: 273 55434 -1.2 5.58 0.0 0.0 北
07:59:05: 274 55635 -1.25 5.71 0.0 0.0 北
07:59:06: 275 55837 -1.38 5.52 0.0 0.0 北
07:59:06: 276 56038 -1.45 5.55 0.0 0.0 北
07:59:06: 277 56240 -1.09 5.55 0.0 0.0 北
07:59:06: 278 56441 -1.2 5.65 0.0 0.0 北
07:59:06: 279 56644 -1.17 5.61 0.0 0.0 北
07:59:07: 280 56844 -1.09 5.57 0.0 0.0 北
07:59:07: 281 57045 -1.12 5.54 0.0 0.0 北
07:59:07: 282 57246 -1.25 5.51 0.0 0.0 北
07:59:07: 283 57448 -1.34 5.37 0.0 0.0 北
07:59:07: 284 57649 -1.2 5.29 0.0 0.0 北
07:59:08: 285 57851 -1.12 5.48 0.0 0.0 北
07:59:08: 286 58053 -0.91 5.41 0.0 0.0 北
07:59:08: 287 58254 -0.89 5.25 0.0 0.0 北
07:59:08: 288 58455 -0.52 5.34 0.0 0.0 北
07:59:08: 289 58668 -0.68 5.34 0.0 0.0 北
07:59:09: 290 58859 -0.45 5.23 0.0 0.0 北
07:59:09: 291 59059 -0.69 5.18 0.0 0.0 北
07:59:09: 292 59262 -0.57 5.2 0.0 0.0 北
07:59:09: 293 59462 -0.68 5.21 0.0 0.0 北
07:59:09: 294 59663 -0.55 5.38 0.0 0.0 北
07:59:10: 295 59865 -0.65 5.4 0.0 0.0 北
07:59:10: 296 60067 -0.68 5.45 0.0 0.0 北
07:59:10: 297 60268 -0.74 5.45 0.0 0.0 北
07:59:10: 298 60470 -0.89 5.32 0.0 0.0 北
07:59:10: 299 60671 -0.88 5.55 0.0 0.0 北
07:59:11: 300 60872 -0.97 5.63 0.0 0.0 北
07:59:11: 301 61073 -0.69 5.63 0.0 0.0 北
07:59:11: 302 61275 -0.91 5.54 0.0 0.0 北
07:59:11: 303 61476 -1.09 5.31 0.0 0.0 北
07:59:11: 304 61678 -0.92 5.46 0.0 0.0 北
07:59:12: 305 61881 -0.92 5.51 0.0 0.0 北
07:59:12: 306 62082 -1.06 5.54 0.0 0.0 北
07:59:12: 307 62282 -0.91 5.46 0.0 0.0 北
07:59:12: 308 62484 -0.89 5.34 0.0 0.0 北
07:59:12: 309 62685 -1.0 5.4 0.0 0.0 北
07:59:13: 310 62886 -1.0 5.35 0.0 0.0 北
07:59:13: 311 63089 -1.14 5.38 0.0 0.0 北
07:59:13: 312 63293 -1.12 5.4 0.0 0.0 北
07:59:13: 313 63492 -1.08 5.38 0.0 0.0 北
07:59:13: 314 63700 -1.09 5.34 0.0 0.0 北
07:59:14: 315 63894 -1.08 5.45 0.0 0.0 北
07:59:14: 316 64095 -1.05 5.37 0.0 0.0 北
07:59:14: 317 64297 -0.85 5.45 0.0 0.0 北
07:59:14: 318 64501 -0.94 5.54 0.0 0.0 北
07:59:14: 319 64701 -0.82 5.38 0.0 0.0 北
07:59:15: 320 64901 -0.69 5.29 0.0 0.0 北
07:59:15: 321 65102 -0.74 5.52 0.0 0.0 北
07:59:15: 322 65304 -0.58 5.48 0.0 0.0 北
07:59:15: 323 65507 -0.89 5.46 0.0 0.0 北
07:59:15: 324 65714 -0.98 5.43 0.0 0.0 北
07:59:16: 325 65908 -0.85 5.48 0.0 0.0 北
07:59:16: 326 66109 -0.95 5.4 0.0 0.0 北
07:59:16: 327 66311 -0.83 5.35 0.0 0.0 北
07:59:16: 328 66514 -0.62 5.37 0.0 0.0 北
07:59:16: 329 66714 -0.65 5.49 0.0 0.0 北
07:59:17: 330 66915 -0.46 5.35 0.0 0.0 北
07:59:17: 331 67119 -0.74 5.32 0.0 0.0 北
07:59:17: 332 67318 -0.71 5.48 0.0 0.0 北
07:59:17: 333 67557 -0.82 5.6 0.0 0.0 北
07:59:18: 334 67720 -1.18 5.4 0.0 0.0 北
07:59:18: 335 67922 -1.23 5.32 0.0 0.0 北
07:59:18: 336 68125 -1.03 5.48 0.0 0.0 北
07:59:18: 337 68326 -1.22 5.43 0.0 0.0 北
07:59:18: 338 68528 -1.46 5.46 0.0 0.0 北
07:59:19: 339 68733 -1.65 5.49 0.0 0.0 北
07:59:19: 340 68929 -1.71 5.48 0.0 0.0 北
07:59:19: 341 69131 -1.72 5.46 0.0 0.0 北
07:59:19: 342 69332 -1.74 5.48 0.0 0.0 北
07:59:19: 343 69533 -1.8 5.48 0.0 0.0 北
07:59:20: 344 69735 -1.72 5.46 0.0 0.0 北
07:59:20: 345 69936 -1.85 5.51 0.0 0.0 北
07:59:20: 346 70138 -1.68 5.6 0.0 0.0 北
07:59:20: 347 70340 -1.58 5.46 0.0 0.0 北
07:59:20: 348 70542 -1.52 5.49 0.0 0.0 北
07:59:21: 349 70742 -1.32 5.51 0.0 0.0 北
07:59:21: 350 70943 -1.52 5.63 0.0 0.0 北
07:59:21: 351 71145 -1.55 5.48 0.0 0.0 北
07:59:21: 352 71347 -1.55 5.46 0.0 0.0 北
07:59:21: 353 71548 -1.63 5.35 0.0 0.0 北
07:59:22: 354 71759 -1.74 5.32 0.0 0.0 北
07:59:22: 355 71951 -1.85 5.21 0.0 0.0 北
07:59:22: 356 72152 -1.58 5.21 0.0 0.0 北
07:59:22: 357 72354 -1.46 5.17 0.0 0.0 北
07:59:22: 358 72579 -1.25 5.2 0.0 0.0 北
07:59:23: 359 72756 -1.2 5.09 0.0 0.0 北
07:59:23: 360 72957 -1.4 5.08 0.0 0.0 北
07:59:23: 361 73159 -1.32 4.98 0.0 0.0 北
07:59:23: 362 73361 -1.35 4.95 0.0 0.0 北
07:59:23: 363 73561 -1.31 4.86 0.0 0.0 北
07:59:24: 364 73763 -1.37 4.92 0.0 0.0 北
07:59:24: 365 73964 -1.34 4.91 0.0 0.0 北
07:59:24: 366 74166 -1.4 4.98 0.0 0.0 北
07:59:24: 367 74367 -1.25 4.94 0.0 0.0 北
07:59:24: 368 74569 -1.37 4.92 0.0 0.0 北
07:59:25: 369 74771 -1.31 5.03 0.0 0.0 北
07:59:25: 370 74972 -1.4 4.77 0.0 0.0 北
07:59:25: 371 75173 -1.17 4.48 0.0 0.0 北
07:59:25: 372 75375 -1.4 4.28 0.0 0.0 北
07:59:25: 373 75577 -1.35 4.18 0.0 0.0 北
07:59:26: 374 75778 -1.46 4.55 0.0 0.0 北
07:59:26: 375 75979 -1.57 5.11 0.0 0.0 北
07:59:26: 376 76180 -1.58 5.14 0.0 0.0 北
07:59:26: 377 76383 -1.48 5.12 0.0 0.0 北
07:59:26: 378 76583 -1.57 5.23 0.0 0.0 北
07:59:27: 379 76784 -1.75 4.92 0.0 0.0 北
07:59:27: 380 76999 -1.69 4.89 0.0 0.0 北
07:59:27: 381 77187 -1.71 4.55 0.0 0.0 北
07:59:27: 382 77389 -1.52 4.26 0.0 0.0 北
07:59:27: 383 77591 -1.72 4.31 0.0 0.0 北
07:59:28: 384 77791 -1.42 4.72 0.0 0.0 北
07:59:28: 385 77999 -1.31 4.71 0.0 0.0 北
07:59:28: 386 78194 -1.17 4.37 0.0 0.0 北
07:59:28: 387 78397 -1.2 4.54 0.0 0.0 北
07:59:28: 388 78598 -1.32 5.11 0.0 0.0 北
07:59:29: 389 78799 -1.48 5.05 0.0 0.0 北
07:59:29: 390 79001 -1.25 5.12 0.0 0.0 北
07:59:29: 391 79202 -1.26 5.12 0.0 0.0 北
07:59:29: 392 79403 -1.15 5.05 0.0 0.0 北
07:59:29: 393 79604 -1.29 5.25 0.0 0.0 北
07:59:30: 394 79805 -1.18 5.14 0.0 0.0 北
07:59:30: 395 80007 -1.28 5.14 0.0 0.0 北
07:59:30: 396 80209 -1.51 4.97 0.0 0.0 北
07:59:30: 397 80411 -1.25 5.03 0.0 0.0 北
07:59:30: 398 80612 -1.35 5.45 0.0 0.0 北
07:59:31: 399 80812 -1.17 5.23 0.0 0.0 北
07:59:31: 400 81014 -1.51 5.38 0.0 0.0 北
07:59:31: 401 81217 -1.26 5.48 0.0 0.0 北
07:59:31: 402 81417 -1.34 5.26 0.0 0.0 北
07:59:31: 403 81619 -1.71 5.49 0.0 0.0 北
07:59:32: 404 81828 -1.22 5.37 0.0 0.0 北
07:59:32: 405 82021 -1.43 5.35 0.0 0.0 北
07:59:32: 406 82222 -1.0 5.48 0.0 0.0 北
07:59:32: 407 82425 -0.94 5.32 0.0 0.0 北
07:59:32: 408 82626 -1.31 5.41 0.0 0.0 北
07:59:33: 409 82827 -1.0 5.38 0.0 0.0 北
07:59:33: 410 83029 -1.08 5.41 0.0 0.0 北
07:59:33: 411 83229 -1.06 5.48 0.0 0.0 北
07:59:33: 412 83432 -0.91 5.49 0.0 0.0 北
07:59:33: 413 83634 -1.2 5.52 0.0 0.0 北
07:59:34: 414 83833 -1.08 5.43 0.0 0.0 北
07:59:34: 415 84035 -0.95 5.48 0.0 0.0 北
07:59:34: 416 84236 -1.11 5.45 0.0 0.0 北
07:59:34: 417 84438 -1.15 5.4 0.0 0.0 北
07:59:34: 418 84664 -1.02 5.41 0.0 0.0 北
07:59:35: 419 84841 -1.25 5.38 0.0 0.0 北
07:59:35: 420 85067 -1.26 5.35 0.0 0.0 北
07:59:35: 421 85244 -1.11 5.34 0.0 0.0 北
07:59:35: 422 85445 -1.45 5.32 0.0 0.0 北
07:59:35: 423 85676 -0.8 5.31 0.0 0.0 北
07:59:36: 424 85848 -1.43 5.32 0.0 0.0 北
07:59:36: 425 86049 -1.11 5.35 0.0 0.0 北
07:59:36: 426 86251 -1.0 5.35 0.0 0.0 北
07:59:36: 427 86454 -1.02 5.23 0.0 0.0 北
07:59:36: 428 86675 -1.29 5.21 0.0 0.0 北
07:59:37: 429 86855 -1.05 5.08 0.0 0.0 北
07:59:37: 430 87057 -1.2 5.09 0.0 0.0 北
07:59:37: 431 87258 -1.22 5.11 0.0 0.0 北
07:59:37: 432 87460 -1.08 5.06 0.0 0.0 北
07:59:37: 433 87671 -1.05 4.98 0.0 0.0 北
07:59:38: 434 87862 -1.14 5.01 0.0 0.0 北
07:59:38: 435 88063 -1.25 5.05 0.0 0.0 北
07:59:38: 436 88265 -1.31 4.95 0.0 0.0 北
07:59:38: 437 88468 -1.18 4.95 0.0 0.0 北
07:59:38: 438 88671 -1.17 4.98 0.0 0.0 北
07:59:39: 439 88869 -1.31 4.97 0.0 0.0 北
07:59:39: 440 89071 -1.23 4.83 0.0 0.0 北
07:59:39: 441 89273 -1.51 4.74 0.0 0.0 北
07:59:39: 442 89475 -1.37 4.86 0.0 0.0 北
07:59:39: 443 89675 -1.08 4.81 0.0 0.0 北
07:59:40: 444 89876 -1.35 4.66 0.0 0.0 北
07:59:40: 445 90078 -1.35 4.65 0.0 0.0 北
07:59:40: 446 90279 -1.25 4.6 0.0 0.0 北
07:59:40: 447 90482 -1.32 4.6 0.0 0.0 北
07:59:40: 448 90682 -1.38 4.6 0.0 0.0 北
07:59:41: 449 90883 -1.45 4.55 0.0 0.0 北
07:59:41: 450 91085 -1.4 4.52 0.0 0.0 北
07:59:41: 451 91286 -1.35 4.49 0.0 0.0 北
07:59:41: 452 91488 -1.43 4.28 0.0 0.0 北
07:59:41: 453 91689 -1.37 4.15 0.0 0.0 北
07:59:42: 454 91891 -1.51 3.92 0.0 0.0 北
07:59:42: 455 92092 -1.48 3.8 0.0 0.0 北
07:59:42: 456 92293 -1.63 3.68 0.0 0.0 北
07:59:42: 457 92498 -1.49 3.6 0.0 0.0 北
07:59:42: 458 92696 -1.38 3.77 0.0 0.0 北
07:59:43: 459 92898 -1.49 3.69 0.0 0.0 北
07:59:43: 460 93099 -1.49 3.63 0.0 0.0 北
07:59:43: 461 93304 -1.62 3.6 0.0 0.0 北
07:59:43: 462 93503 -1.48 3.63 0.0 0.0 北
07:59:43: 463 93703 -1.54 3.46 0.0 0.0 北
07:59:44: 464 93904 -1.52 3.38 0.0 0.0 北
07:59:44: 465 94106 -1.69 3.23 0.0 0.0 北
07:59:44: 466 94308 -1.57 3.22 0.0 0.0 北
07:59:44: 467 94508 -1.82 3.12 0.0 0.0 北
07:59:44: 468 94710 -1.58 3.15 0.0 0.0 北
07:59:45: 469 94913 -1.68 3.32 0.0 0.0 北
07:59:45: 470 95114 -1.32 4.06 0.0 0.0 北
07:59:45: 471 95317 -1.55 3.86 0.0 0.0 北
07:59:45: 472 95517 -1.35 3.69 0.0 0.0 北
07:59:45: 473 95717 -1.72 3.48 0.0 0.0 北
07:59:46: 474 95919 -1.69 3.43 0.0 0.0 北
07:59:46: 475 96120 -1.82 3.49 0.0 0.0 北
07:59:46: 476 96322 -1.77 3.83 0.0 0.0 北
08:02:55: 22 4997 -0.91 2.98 0.0 0.0 北
08:02:55: 23 5198 -0.86 2.94 0.0 0.0 北
08:02:55: 24 5400 -0.62 3.23 0.0 0.0 北
08:02:55: 25 5626 -0.55 3.72 0.0 0.0 北
08:02:55: 26 5803 -0.75 3.94 0.0 0.0 北
08:02:56: 27 6004 -0.71 4.06 0.0 0.0 北
08:02:56: 28 6206 -0.66 4.4 0.0 0.0 北
08:02:56: 29 6407 -0.48 4.31 0.0 0.0 北
08:02:56: 30 6609 -0.48 4.09 0.0 0.0 北
08:02:56: 31 6810 -0.65 4.2 0.0 0.0 北
08:02:57: 32 7011 -0.91 4.2 0.0 0.0 北
08:02:57: 33 7214 -1.08 4.31 0.0 0.0 北
08:02:57: 34 7415 -0.97 4.46 0.0 0.0 北
08:02:57: 35 7616 -0.92 4.37 0.0 0.0 北
08:02:57: 36 7817 -0.95 4.18 0.0 0.0 北
08:02:58: 37 8018 -1.22 3.43 0.0 0.0 北
08:02:58: 38 8220 -1.25 3.29 0.0 0.0 北
08:02:58: 39 8422 -1.23 3.2 0.0 0.0 北
08:02:58: 40 8623 -1.42 3.28 0.0 0.0 北
08:02:58: 41 8824 -1.43 3.11 0.0 0.0 北
08:02:59: 42 9025 -1.35 3.52 0.0 0.0 北
08:02:59: 43 9227 -1.06 4.23 0.0 0.0 北
08:02:59: 44 9428 -1.18 4.34 0.0 0.0 北
08:02:59: 45 9634 -1.25 4.66 0.0 0.0 北
08:03:00: 46 9831 -1.05 4.89 0.0 0.0 北
08:03:00: 47 10046 -1.05 4.92 0.0 0.0 北
08:03:00: 48 10234 -1.14 4.92 0.0 0.0 北
08:03:00: 49 10435 -1.02 4.92 0.0 0.0 北
08:03:00: 50 10636 -1.15 4.94 0.0 0.0 北
08:03:00: 51 10838 -1.2 4.92 0.0 0.0 北
08:03:01: 52 11039 -1.05 4.92 0.0 0.0 北
08:03:01: 53 11242 -1.11 4.92 0.0 0.0 北
08:03:01: 54 11443 -0.85 4.8 0.0 0.0 北
08:03:01: 55 11644 -0.82 4.72 0.0 0.0 北
08:03:02: 56 11845 -0.92 4.69 0.0 0.0 北
08:03:02: 57 12047 -1.08 4.85 0.0 0.0 北
08:03:02: 58 12248 -0.75 4.85 0.0 0.0 北
08:03:02: 59 12450 -0.74 4.85 0.0 0.0 北
08:03:02: 60 12651 -0.8 4.78 0.0 0.0 北
08:03:03: 61 12852 -0.94 4.74 0.0 0.0 北
08:03:03: 62 13054 -0.45 4.46 0.0 0.0 北
08:03:03: 63 13255 -0.95 4.51 0.0 0.0 北
08:03:03: 64 13458 -0.98 4.61 0.0 0.0 北
08:03:03: 65 13658 -0.57 4.43 0.0 0.0 北
08:03:04: 66 13859 -1.26 4.74 0.0 0.0 北
08:03:04: 67 14060 -0.82 4.55 0.0 0.0 北
08:03:04: 68 14267 -0.91 4.54 0.0 0.0 北
08:03:04: 69 14463 -1.03 4.66 0.0 0.0 北
08:03:04: 70 14665 -0.65 4.8 0.0 0.0 北
08:03:05: 71 14866 -0.66 5.15 0.0 0.0 北
08:03:05: 72 15068 -0.48 5.01 0.0 0.0 北
08:03:05: 73 15270 -0.71 4.89 0.0 0.0 北
08:03:05: 74 15471 0.25 4.77 0.0 0.0 北
08:03:05: 75 15672 -0.32 4.91 0.0 0.0 北
08:03:06: 76 15873 -0.25 4.86 0.0 0.0 北
08:03:06: 77 16075 -0.12 4.92 0.0 0.0 北
08:03:06: 78 16276 0.14 4.92 0.0 0.0 北
08:03:06: 79 16478 -0.02 4.92 0.0 0.0 北
08:03:06: 80 16679 -0.15 5.11 0.0 0.0 北
08:03:07: 81 16881 -0.43 4.94 0.0 0.0 北
08:03:07: 82 17082 -0.43 4.98 0.0 0.0 北
08:03:07: 83 17284 -0.97 5.12 0.0 0.0 北
08:03:07: 84 17485 -1.09 5.35 0.0 0.0 北
08:03:07: 85 17686 -0.86 4.92 0.0 0.0 北
08:03:08: 86 17888 -1.14 5.09 0.0 0.0 北
08:03:08: 87 18090 -1.23 5.63 0.0 0.0 北
08:03:08: 88 18290 -0.75 5.69 0.0 0.0 北
08:03:08: 89 18492 -1.25 5.74 0.0 0.0 北
08:03:08: 90 18694 -1.34 5.75 0.0 0.0 北
08:03:09: 91 18895 -1.05 5.72 0.0 0.0 北
08:03:09: 92 19096 -1.0 5.85 0.0 0.0 北
08:03:09: 93 19298 -0.89 5.66 0.0 0.0 北
08:03:09: 94 19500 -1.12 5.81 0.0 0.0 北
08:03:09: 95 19701 -0.82 5.8 0.0 0.0 北
08:03:10: 96 19902 -1.2 5.85 0.0 0.0 北
08:03:10: 97 20103 -1.06 5.65 0.0 0.0 北
08:03:10: 98 20305 -1.09 5.54 0.0 0.0 北
08:03:10: 99 20506 -0.97 5.57 0.0 0.0 北
08:03:10: 100 20708 -0.85 5.58 0.0 0.0 北
08:03:11: 101 20909 -0.98 5.2 0.0 0.0 北
08:03:11: 102 21111 -0.63 5.2 0.0 0.0 北
08:03:11: 103 21313 -0.6 5.51 0.0 0.0 北
08:03:11: 104 21514 -0.68 5.61 0.0 0.0 北
08:03:11: 105 21715 -0.43 5.51 0.0 0.0 北
08:03:12: 106 21916 -1.02 5.58 0.0 0.0 北
08:03:12: 107 22118 -0.43 5.57 0.0 0.0 北
08:03:12: 108 22319 -1.14 5.68 0.0 0.0 北
08:03:12: 109 22556 -0.78 5.49 0.0 0.0 北
08:03:12: 110 22722 -0.95 5.57 0.0 0.0 北
08:03:13: 111 22923 -0.32 5.43 0.0 0.0 北
08:03:13: 112 23125 -0.88 5.69 0.0 0.0 北
08:03:13: 113 23326 -0.31 5.4 0.0 0.0 北
08:03:13: 114 23530 -0.72 5.41 0.0 0.0 北
08:03:13: 115 23730 -0.95 5.48 0.0 0.0 北
08:03:14: 116 23931 -1.05 5.43 0.0 0.0 北
08:03:14: 117 24132 -1.26 5.41 0.0 0.0 北
08:03:14: 118 24334 -1.15 5.43 0.0 0.0 北
08:03:14: 119 24536 -1.15 5.43 0.0 0.0 北
08:03:14: 120 24737 -1.06 5.45 0.0 0.0 北
08:03:15: 121 24937 -1.05 5.45 0.0 0.0 北
08:03:15: 122 25139 -1.06 5.41 0.0 0.0 北
08:03:15: 123 25340 -1.0 5.37 0.0 0.0 北
08:03:15: 124 25543 -1.09 5.23 0.0 0.0 北
08:03:15: 125 25743 -0.97 5.0 0.0 0.0 北
08:03:16: 126 25945 -1.08 5.14 0.0 0.0 北
08:03:16: 127 26146 -0.95 5.17 0.0 0.0 北
08:03:16: 128 26348 -1.11 5.25 0.0 0.0 北
08:03:16: 129 26549 -1.15 5.26 0.0 0.0 北
08:03:16: 130 26751 -0.92 5.05 0.0 0.0 北
08:03:17: 131 26956 -1.25 5.0 0.0 0.0 北
08:03:17: 132 27153 -1.28 5.14 0.0 0.0 北
08:03:17: 133 27356 -1.4 5.08 0.0 0.0 北
08:03:17: 134 27559 -1.49 5.17 0.0 0.0 北
08:03:17: 135 27758 -1.32 5.18 0.0 0.0 北
08:03:18: 136 27959 -1.45 5.17 0.0 0.0 北
08:03:18: 137 28160 -1.32 5.09 0.0 0.0 北
08:03:18: 138 28362 -1.06 5.0 0.0 0.0 北
08:03:18: 139 28564 -1.09 5.0 0.0 0.0 北
08:03:18: 140 28768 -1.09 5.06 0.0 0.0 北
08:03:19: 141 28966 -1.11 5.09 0.0 0.0 北
08:03:19: 142 29167 -1.03 5.09 0.0 0.0 北
